0 0 0 0 0
0.1 0.00396396 0.105274 0.0114497 0.156193
0.2 0.00373502 0.095126 0.0108391 0.147345
0.3 0.00404406 0.0988442 0.0117522 0.158813
0.4 0.00397731 0.0914811 0.0114039 0.155137
0.5 0.00360516 0.0859905 0.0106241 0.147107
0.6 0.00374729 0.0881574 0.0113446 0.15781
0.7 0.00365553 0.0840079 0.0109926 0.154598
0.8 0.00334822 0.0767505 0.0103 0.146402
0.9 0.00358931 0.0819061 0.0111739 0.157781
1 0.00345259 0.0749418 0.0108121 0.154677
1.1 0.00356416 0.107381 0.0104375 0.147471
1.2 0.00400124 0.111314 0.0113028 0.158419
1.3 0.0037974 0.106041 0.0110674 0.155383
1.4 0.00353429 0.0940392 0.0104611 0.146475
1.5 0.00380355 0.0997629 0.01131 0.158382
1.6 0.00369158 0.0927902 0.0109925 0.154761
1.7 0.00341321 0.0861677 0.0103618 0.146532
1.8 0.00367996 0.0920822 0.0111152 0.157926
1.9 0.00352721 0.0843251 0.0109371 0.154719
2 0.00329499 0.0769246 0.0103041 0.146565
2.1 0.00395476 0.120548 0.0113237 0.158899
2.2 0.00383467 0.115666 0.0110224 0.155743
2.3 0.00354135 0.104992 0.0104051 0.1471
2.4 0.00383887 0.109041 0.0112649 0.158656
2.5 0.00375263 0.102404 0.0109594 0.155027
2.6 0.00350015 0.0940463 0.010319 0.146715
2.7 0.00376158 0.0978293 0.0112584 0.158138
2.8 0.00353776 0.0898659 0.0109923 0.155015
2.9 0.00336241 0.0842883 0.0102752 0.146511
3 0.00358938 0.0861582 0.011197 0.15759
