2 0 -1 1
4 0.0010628 -1.00003 1
4 0.00295637 -1.00012 1
2 0.00512593 -1.00023 1.00022
2 0.00742475 -1.00034 1.00033
2 0.00983278 -1.00047 1.00046
2 0.01224 -1.0006 1.00058
2 0.01464 -1.00073 1.0007
2 0.01704 -1.00085 1.00082
2 0.01944 -1.00097 1.00094
2 0.02184 -1.00109 1.00106
2 0.02424 -1.00121 1.00117
2 0.02664 -1.00133 1.00129
2 0.02904 -1.00144 1.0014
2 0.03144 -1.00156 1.00151
2 0.03384 -1.00167 1.00163
2 0.03624 -1.00178 1.00174
2 0.03864 -1.00189 1.00185
2 0.04104 -1.002 1.00196
2 0.04344 -1.00211 1.00206
2 0.04584 -1.00222 1.00217
2 0.04824 -1.00233 1.00228
2 0.05064 -1.00243 1.00238
2 0.05304 -1.00254 1.00249
2 0.05544 -1.00264 1.00259
2 0.05784 -1.00274 1.0027
2 0.06024 -1.00285 1.0028
2 0.06264 -1.00295 1.0029
2 0.06504 -1.00305 1.00301
2 0.06744 -1.00315 1.00311
2 0.06984 -1.00325 1.00321
2 0.07224 -1.00335 1.00331
2 0.07464 -1.00345 1.00341
2 0.07704 -1.00355 1.00351
2 0.07944 -1.00365 1.00361
2 0.08184 -1.00374 1.00371
2 0.08424 -1.00384 1.00381
2 0.08664 -1.00394 1.0039
2 0.08904 -1.00403 1.004
2 0.09144 -1.00413 1.0041
2 0.09384 -1.00423 1.0042
2 0.0962353 -1.00432 1.00429
2 0.0985882 -1.00441 1.00439
2 0.100889 -1.0045 1.00447
2 0.1032 -1.00458 1.00456
2 0.1056 -1.00468 1.00466
2 0.108 -1.00477 1.00475
2 0.1104 -1.00486 1.00485
2 0.1128 -1.00496 1.00494
2 0.1152 -1.00505 1.00504
2 0.1176 -1.00514 1.00513
2 0.12 -1.00524 1.00523
2 0.1224 -1.00533 1.00532
2 0.1248 -1.00542 1.00542
2 0.1272 -1.00551 1.00551
2 0.1296 -1.0056 1.0056
2 0.132 -1.00569 1.0057
2 0.1344 -1.00579 1.00579
2 0.1368 -1.00588 1.00588
2 0.1392 -1.00597 1.00598
2 0.1416 -1.00606 1.00607
2 0.144 -1.00615 1.00616
2 0.1464 -1.00624 1.00626
2 0.1488 -1.00633 1.00635
2 0.1512 -1.00642 1.00644
2 0.1536 -1.00651 1.00653
2 0.156 -1.0066 1.00662
2 0.1584 -1.00668 1.00672
2 0.1608 -1.00677 1.00681
2 0.1632 -1.00686 1.0069
2 0.1656 -1.00695 1.00699
2 0.168 -1.00704 1.00708
2 0.1704 -1.00713 1.00717
2 0.1728 -1.00722 1.00726
2 0.1752 -1.0073 1.00736
2 0.1776 -1.00739 1.00745
2 0.18 -1.00748 1.00754
2 0.1824 -1.00757 1.00763
2 0.1848 -1.00765 1.00772
2 0.1872 -1.00774 1.00781
2 0.1896 -1.00783 1.0079
2 0.192 -1.00792 1.00799
2 0.1944 -1.008 1.00808
2 0.1968 -1.00809 1.00817
2 0.199111 -1.00817 1.00825
2 0.201412 -1.00825 1.00833
2 0.203765 -1.00833 1.00842
2 0.20616 -1.00841 1.0085
2 0.20856 -1.0085 1.00859
2 0.21096 -1.00859 1.00868
2 0.21336 -1.00867 1.00877
2 0.21576 -1.00876 1.00886
2 0.21816 -1.00884 1.00895
2 0.22056 -1.00893 1.00904
2 0.22296 -1.00902 1.00913
2 0.22536 -1.0091 1.00921
2 0.22776 -1.00919 1.0093
2 0.23016 -1.00927 1.00939
2 0.23256 -1.00936 1.00948
2 0.23496 -1.00944 1.00956
2 0.23736 -1.00953 1.00965
2 0.23976 -1.00961 1.00974
2 0.24216 -1.0097 1.00983
2 0.24456 -1.00978 1.00991
2 0.24696 -1.00986 1.01
2 0.24936 -1.00995 1.01009
2 0.25176 -1.01003 1.01017
2 0.25416 -1.01012 1.01026
2 0.25656 -1.0102 1.01035
2 0.25896 -1.01029 1.01043
2 0.26136 -1.01037 1.01052
2 0.26376 -1.01045 1.01061
2 0.26616 -1.01054 1.01069
2 0.26856 -1.01062 1.01078
2 0.27096 -1.0107 1.01087
2 0.27336 -1.01079 1.01096
2 0.27576 -1.01087 1.01104
2 0.27816 -1.01095 1.01113
2 0.28056 -1.01103 1.01121
2 0.28296 -1.01112 1.0113
2 0.28536 -1.0112 1.01139
2 0.28776 -1.01128 1.01147
2 0.29016 -1.01136 1.01156
2 0.29256 -1.01145 1.01164
2 0.29496 -1.01153 1.01173
2 0.29736 -1.01161 1.01182
2 0.29976 -1.01169 1.0119
2 0.30216 -1.01177 1.01199
2 0.30456 -1.01185 1.01207
2 0.30696 -1.01193 1.01216
2 0.30936 -1.01201 1.01224
2 0.31176 -1.0121 1.01232
2 0.31416 -1.01218 1.01241
2 0.31656 -1.01226 1.01249
2 0.31896 -1.01234 1.01258
2 0.32136 -1.01242 1.01266
2 0.32376 -1.0125 1.01274
2 0.32616 -1.01258 1.01283
2 0.32856 -1.01266 1.01291
2 0.33096 -1.01274 1.013
2 0.33336 -1.01282 1.01308
2 0.33576 -1.0129 1.01316
2 0.33816 -1.01298 1.01325
2 0.34056 -1.01306 1.01333
2 0.34296 -1.01314 1.01341
2 0.34536 -1.01322 1.0135
2 0.34776 -1.0133 1.01358
2 0.35016 -1.01338 1.01366
2 0.35256 -1.01345 1.01375
2 0.35496 -1.01353 1.01383
2 0.35736 -1.01361 1.01391
2 0.35976 -1.01369 1.01399
2 0.36216 -1.01377 1.01408
2 0.36456 -1.01385 1.01416
2 0.36696 -1.01393 1.01424
2 0.36936 -1.01401 1.01432
2 0.37176 -1.01409 1.01441
2 0.37416 -1.01416 1.01449
2 0.37656 -1.01424 1.01457
2 0.37896 -1.01432 1.01465
2 0.38136 -1.0144 1.01473
2 0.38376 -1.01448 1.01481
2 0.38616 -1.01455 1.0149
2 0.38856 -1.01463 1.01498
2 0.39096 -1.01471 1.01506
2 0.39336 -1.01479 1.01514
2 0.39576 -1.01486 1.01522
2 0.398118 -1.01494 1.01529
2 0.400444 -1.01501 1.01537
2 0.40272 -1.01508 1.01543
2 0.40512 -1.01515 1.01551
2 0.40752 -1.01523 1.01558
3 0.40992 -1.0153 1.01562
2 0.41232 -1.01537 1.01573
2 0.41472 -1.01545 1.01581
2 0.41712 -1.01552 1.01588
2 0.41952 -1.01559 1.01596
3 0.42192 -1.01566 1.01604
2 0.42432 -1.01573 1.01612
2 0.42672 -1.0158 1.0162
2 0.42912 -1.01587 1.01628
2 0.43152 -1.01595 1.01637
2 0.43392 -1.01602 1.01645
2 0.43632 -1.0161 1.01653
2 0.43872 -1.01618 1.01661
2 0.44112 -1.01625 1.01669
2 0.44352 -1.01633 1.01677
2 0.44592 -1.01641 1.01685
2 0.44832 -1.01648 1.01694
2 0.45072 -1.01656 1.01702
2 0.45312 -1.01664 1.0171
2 0.45552 -1.01672 1.01718
2 0.45792 -1.01679 1.01726
2 0.46032 -1.01687 1.01734
2 0.46272 -1.01695 1.01742
2 0.46512 -1.01702 1.0175
2 0.46752 -1.0171 1.01758
2 0.46992 -1.01718 1.01766
2 0.47232 -1.01725 1.01774
2 0.47472 -1.01733 1.01782
2 0.47712 -1.0174 1.0179
2 0.47952 -1.01748 1.01798
2 0.48192 -1.01755 1.01806
2 0.48432 -1.01763 1.01813
2 0.48672 -1.0177 1.01821
2 0.48912 -1.01777 1.01829
2 0.49152 -1.01785 1.01837
2 0.49392 -1.01792 1.01844
2 0.49632 -1.018 1.01852
2 0.498667 -1.01807 1.0186
2 0.500941 -1.01813 1.01867
2 0.503294 -1.0182 1.01874
2 0.50568 -1.01827 1.01881
2 0.50808 -1.01834 1.01889
2 0.51048 -1.01842 1.01896
2 0.51288 -1.01849 1.01904
2 0.51528 -1.01856 1.01912
2 0.51768 -1.01863 1.01919
2 0.52008 -1.01871 1.01927
2 0.52248 -1.01878 1.01934
2 0.52488 -1.01885 1.01942
2 0.52728 -1.01892 1.01949
2 0.52968 -1.01899 1.01957
2 0.53208 -1.01906 1.01964
2 0.53448 -1.01914 1.01971
2 0.53688 -1.01921 1.01979
2 0.53928 -1.01928 1.01986
2 0.54168 -1.01935 1.01994
2 0.54408 -1.01942 1.02001
2 0.54648 -1.01949 1.02008
2 0.54888 -1.01956 1.02016
2 0.55128 -1.01963 1.02023
2 0.55368 -1.0197 1.0203
2 0.55608 -1.01977 1.02038
2 0.55848 -1.01984 1.02045
2 0.56088 -1.01991 1.02052
2 0.56328 -1.01998 1.0206
2 0.56568 -1.02005 1.02067
2 0.56808 -1.02012 1.02074
2 0.57048 -1.02019 1.02082
2 0.57288 -1.02026 1.02089
2 0.57528 -1.02033 1.02096
2 0.57768 -1.02039 1.02104
2 0.58008 -1.02046 1.02111
2 0.58248 -1.02053 1.02118
2 0.58488 -1.0206 1.02125
2 0.58728 -1.02067 1.02133
2 0.58968 -1.02074 1.0214
2 0.59208 -1.02081 1.02147
2 0.59448 -1.02088 1.02154
2 0.59688 -1.02094 1.02162
2 0.59928 -1.02101 1.02169
2 0.60168 -1.02108 1.02176
2 0.60408 -1.02115 1.02183
2 0.60648 -1.02122 1.0219
2 0.60888 -1.02129 1.02197
2 0.61128 -1.02135 1.02205
2 0.61368 -1.02142 1.02212
2 0.61608 -1.02149 1.02219
2 0.61848 -1.02156 1.02226
2 0.62088 -1.02163 1.02233
2 0.62328 -1.02169 1.0224
2 0.62568 -1.02176 1.02248
2 0.62808 -1.02183 1.02255
2 0.63048 -1.0219 1.02262
2 0.63288 -1.02196 1.02269
2 0.63528 -1.02203 1.02276
2 0.63768 -1.0221 1.02283
2 0.64008 -1.02216 1.0229
2 0.64248 -1.02223 1.02297
2 0.64488 -1.0223 1.02305
2 0.64728 -1.02237 1.02312
2 0.64968 -1.02243 1.02319
2 0.65208 -1.0225 1.02326
2 0.65448 -1.02257 1.02333
2 0.65688 -1.02263 1.0234
2 0.65928 -1.0227 1.02347
2 0.66168 -1.02277 1.02354
2 0.66408 -1.02283 1.02361
2 0.66648 -1.0229 1.02368
2 0.66888 -1.02296 1.02375
2 0.67128 -1.02303 1.02382
2 0.67368 -1.0231 1.02389
2 0.67608 -1.02316 1.02396
2 0.67848 -1.02323 1.02403
2 0.68088 -1.0233 1.0241
2 0.68328 -1.02336 1.02417
2 0.68568 -1.02343 1.02425
2 0.68808 -1.02349 1.02432
2 0.69048 -1.02356 1.02439
2 0.69288 -1.02363 1.02446
2 0.69528 -1.02369 1.02453
2 0.697647 -1.02376 1.02459
2 0.7 -1.02382 1.02466
2 0.70224 -1.02388 1.02472
2 0.70464 -1.02394 1.02479
2 0.70704 -1.02401 1.02486
2 0.70944 -1.02407 1.02493
2 0.71184 -1.02414 1.025
2 0.71424 -1.0242 1.02507
2 0.71664 -1.02427 1.02514
2 0.71904 -1.02433 1.02521
2 0.72144 -1.0244 1.02529
2 0.72384 -1.02446 1.02536
2 0.72624 -1.02453 1.02543
2 0.72864 -1.02459 1.0255
2 0.73104 -1.02466 1.02557
2 0.73344 -1.02472 1.02564
2 0.73584 -1.02479 1.02571
2 0.73824 -1.02485 1.02578
2 0.74064 -1.02492 1.02585
2 0.74304 -1.02498 1.02592
2 0.74544 -1.02505 1.02599
2 0.74784 -1.02511 1.02606
2 0.75024 -1.02518 1.02613
2 0.75264 -1.02524 1.0262
2 0.75504 -1.02531 1.02627
2 0.75744 -1.02537 1.02634
2 0.75984 -1.02544 1.02641
2 0.76224 -1.0255 1.02648
2 0.76464 -1.02556 1.02655
2 0.76704 -1.02563 1.02662
2 0.76944 -1.02569 1.0267
2 0.77184 -1.02576 1.02677
2 0.77424 -1.02582 1.02684
2 0.77664 -1.02588 1.02691
2 0.77904 -1.02595 1.02698
2 0.78144 -1.02601 1.02705
2 0.78384 -1.02608 1.02712
2 0.78624 -1.02614 1.02719
2 0.78864 -1.0262 1.02726
2 0.79104 -1.02627 1.02733
2 0.79344 -1.02633 1.0274
2 0.79584 -1.02639 1.02747
2 0.798222 -1.02646 1.02754
2 0.800471 -1.02651 1.0276
2 0.802824 -1.02657 1.02767
2 0.8052 -1.02663 1.02774
2 0.8076 -1.0267 1.02781
2 0.81 -1.02676 1.02788
2 0.8124 -1.02682 1.02795
2 0.8148 -1.02689 1.02802
2 0.8172 -1.02695 1.02809
2 0.8196 -1.02701 1.02816
2 0.822 -1.02708 1.02823
2 0.8244 -1.02714 1.0283
2 0.8268 -1.0272 1.02837
2 0.8292 -1.02727 1.02844
2 0.8316 -1.02733 1.02851
2 0.834 -1.02739 1.02858
2 0.8364 -1.02746 1.02865
2 0.8388 -1.02752 1.02872
2 0.8412 -1.02758 1.02879
2 0.8436 -1.02765 1.02886
2 0.846 -1.02771 1.02893
2 0.8484 -1.02777 1.029
2 0.8508 -1.02783 1.02907
2 0.8532 -1.0279 1.02914
2 0.8556 -1.02796 1.02921
2 0.858 -1.02802 1.02928
2 0.8604 -1.02808 1.02935
2 0.8628 -1.02815 1.02942
2 0.8652 -1.02821 1.02949
2 0.8676 -1.02827 1.02956
2 0.87 -1.02833 1.02963
2 0.8724 -1.0284 1.0297
2 0.8748 -1.02846 1.02977
2 0.8772 -1.02852 1.02984
2 0.8796 -1.02858 1.02991
2 0.882 -1.02865 1.02998
2 0.8844 -1.02871 1.03005
2 0.8868 -1.02877 1.03012
2 0.8892 -1.02883 1.03019
2 0.8916 -1.02889 1.03026
2 0.894 -1.02895 1.03033
2 0.8964 -1.02902 1.0304
2 0.8988 -1.02908 1.03047
2 0.9012 -1.02914 1.03054
2 0.9036 -1.0292 1.03061
2 0.906 -1.02926 1.03067
2 0.9084 -1.02933 1.03074
2 0.9108 -1.02939 1.03081
2 0.9132 -1.02945 1.03088
2 0.9156 -1.02951 1.03095
2 0.918 -1.02957 1.03102
2 0.9204 -1.02964 1.03108
2 0.9228 -1.0297 1.03115
2 0.9252 -1.02976 1.03122
3 0.9276 -1.02982 1.03125
3 0.93 -1.02988 1.03125
2 0.9324 -1.02994 1.03142
2 0.9348 -1.03001 1.03148
2 0.9372 -1.03007 1.03155
2 0.9396 -1.03013 1.03162
2 0.942 -1.03019 1.03169
2 0.9444 -1.03025 1.03176
2 0.9468 -1.03031 1.03183
2 0.9492 -1.03037 1.0319
2 0.9516 -1.03043 1.03197
2 0.954 -1.03049 1.03205
2 0.9564 -1.03055 1.03212
2 0.9588 -1.03062 1.03219
2 0.9612 -1.03068 1.03226
2 0.9636 -1.03074 1.03233
2 0.966 -1.0308 1.0324
2 0.9684 -1.03086 1.03247
2 0.9708 -1.03092 1.03254
2 0.9732 -1.03098 1.03261
2 0.9756 -1.03103 1.03268
2 0.978 -1.03109 1.03275
2 0.9804 -1.03115 1.03282
2 0.9828 -1.03121 1.03289
3 0.9852 -1.03127 1.03296
3 0.9876 -1.03132 1.03303
2 0.99 -1.03138 1.0331
2 0.9924 -1.03144 1.03317
2 0.9948 -1.0315 1.03324
2 0.997176 -1.03156 1.03331
2 0.999529 -1.03162 1.03338
2 1.00178 -1.0317 1.03344
2 1.00416 -1.03182 1.03354
2 1.00656 -1.03193 1.03364
2 1.00896 -1.03203 1.03374
2 1.01136 -1.03213 1.03384
2 1.01376 -1.03222 1.03393
2 1.01616 -1.0323 1.03402
2 1.01856 -1.03238 1.0341
2 1.02096 -1.03246 1.03419
2 1.02336 -1.03253 1.03427
2 1.02576 -1.03261 1.03435
2 1.02816 -1.03268 1.03444
2 1.03056 -1.03276 1.03452
2 1.03296 -1.03283 1.03459
2 1.03536 -1.0329 1.03467
2 1.03776 -1.03297 1.03475
2 1.04016 -1.03304 1.03483
2 1.04256 -1.03311 1.03491
2 1.04496 -1.03318 1.03499
2 1.04736 -1.03325 1.03507
2 1.04976 -1.03332 1.03514
2 1.05216 -1.03338 1.03522
2 1.05456 -1.03345 1.0353
2 1.05696 -1.03352 1.03537
2 1.05936 -1.03359 1.03545
2 1.06176 -1.03365 1.03553
2 1.06416 -1.03372 1.0356
2 1.06656 -1.03378 1.03568
2 1.06896 -1.03385 1.03576
2 1.07136 -1.03392 1.03583
2 1.07376 -1.03398 1.03591
2 1.07616 -1.03405 1.03598
2 1.07856 -1.03412 1.03606
2 1.08096 -1.03418 1.03613
2 1.08336 -1.03425 1.03621
2 1.08576 -1.03431 1.03628
2 1.08816 -1.03438 1.03636
2 1.09056 -1.03444 1.03643
2 1.09296 -1.03451 1.0365
2 1.09536 -1.03457 1.03658
2 1.09776 -1.03464 1.03665
2 1.1 -1.03469 1.03672
2 1.10235 -1.03475 1.03679
2 1.10472 -1.03482 1.03686
2 1.10712 -1.03488 1.03693
2 1.10952 -1.03495 1.037
2 1.11192 -1.03501 1.03708
2 1.11432 -1.03508 1.03715
2 1.11672 -1.03514 1.03722
2 1.11912 -1.03521 1.0373
2 1.12152 -1.03527 1.03737
2 1.12392 -1.03534 1.03744
2 1.12632 -1.0354 1.03752
2 1.12872 -1.03547 1.03759
2 1.13112 -1.03553 1.03766
2 1.13352 -1.0356 1.03774
2 1.13592 -1.03566 1.03781
2 1.13832 -1.03573 1.03788
2 1.14072 -1.03579 1.03796
2 1.14312 -1.03585 1.03803
2 1.14552 -1.03592 1.0381
2 1.14792 -1.03598 1.03818
2 1.15032 -1.03604 1.03825
2 1.15272 -1.03611 1.03832
2 1.15512 -1.03617 1.03839
2 1.15752 -1.03623 1.03847
2 1.15992 -1.0363 1.03854
2 1.16232 -1.03636 1.03861
2 1.16472 -1.03642 1.03868
2 1.16712 -1.03648 1.03875
2 1.16952 -1.03655 1.03883
2 1.17192 -1.03661 1.0389
2 1.17432 -1.03667 1.03897
2 1.17672 -1.03673 1.03904
2 1.17912 -1.03679 1.03911
2 1.18152 -1.03686 1.03925
2 1.18392 -1.03692 1.03936
2 1.18632 -1.03698 1.03945
2 1.18872 -1.03704 1.03954
2 1.19112 -1.0371 1.03962
2 1.19352 -1.03717 1.03971
2 1.19592 -1.03723 1.03979
2 1.19832 -1.03729 1.03986
2 1.20072 -1.03735 1.03994
2 1.20312 -1.03741 1.04001
2 1.20552 -1.03748 1.04009
2 1.20792 -1.03754 1.04016
2 1.21032 -1.0376 1.04024
2 1.21272 -1.03766 1.04031
2 1.21512 -1.03772 1.04038
2 1.21752 -1.03778 1.04046
2 1.21992 -1.03785 1.04053
2 1.22232 -1.03791 1.0406
2 1.22472 -1.03797 1.04067
2 1.22712 -1.03803 1.04074
2 1.22952 -1.03809 1.04082
2 1.23192 -1.03815 1.04089
2 1.23432 -1.03821 1.04096
2 1.23672 -1.03828 1.04103
2 1.23912 -1.03834 1.0411
2 1.24152 -1.0384 1.04117
2 1.24392 -1.03846 1.04125
2 1.24632 -1.03852 1.04132
2 1.24872 -1.03858 1.04139
2 1.25112 -1.03864 1.04146
2 1.25352 -1.0387 1.04153
2 1.25592 -1.03876 1.0416
2 1.25832 -1.03882 1.04167
2 1.26072 -1.03888 1.04174
2 1.26312 -1.03894 1.04181
2 1.26552 -1.039 1.04188
2 1.26792 -1.03906 1.04195
2 1.27032 -1.03912 1.04202
2 1.27272 -1.03919 1.04209
2 1.27512 -1.03926 1.04216
2 1.27752 -1.03932 1.04223
2 1.27992 -1.03938 1.0423
2 1.28232 -1.03945 1.04237
2 1.28472 -1.03951 1.04244
2 1.28712 -1.03957 1.04251
2 1.28952 -1.03963 1.04257
2 1.29192 -1.03969 1.04264
2 1.29432 -1.03975 1.04271
2 1.29671 -1.03981 1.04278
2 1.29906 -1.03986 1.04285
2 1.30133 -1.03992 1.04291
2 1.30368 -1.03997 1.04297
2 1.30608 -1.04003 1.04304
2 1.30848 -1.04009 1.04311
2 1.31088 -1.04015 1.04318
2 1.31328 -1.04021 1.04325
2 1.31568 -1.04027 1.04332
2 1.31808 -1.04033 1.04338
2 1.32048 -1.04039 1.04345
2 1.32288 -1.04045 1.04352
2 1.32528 -1.04051 1.04359
2 1.32768 -1.04057 1.04366
2 1.33008 -1.04063 1.04373
2 1.33248 -1.04069 1.04379
2 1.33488 -1.04075 1.04386
2 1.33728 -1.0408 1.04393
2 1.33968 -1.04086 1.044
2 1.34208 -1.04092 1.04407
2 1.34448 -1.04098 1.04414
2 1.34688 -1.04104 1.0442
2 1.34928 -1.0411 1.04427
2 1.35168 -1.04116 1.04434
2 1.35408 -1.04122 1.04441
2 1.35648 -1.04128 1.04447
2 1.35888 -1.04133 1.04454
2 1.36128 -1.04139 1.04461
2 1.36368 -1.04145 1.04468
2 1.36608 -1.04151 1.04475
2 1.36848 -1.04157 1.04481
2 1.37088 -1.04163 1.04488
2 1.37328 -1.04168 1.04495
2 1.37568 -1.04174 1.04501
2 1.37808 -1.0418 1.04508
2 1.38048 -1.04186 1.04515
2 1.38288 -1.04192 1.04521
2 1.38528 -1.04198 1.04528
2 1.38768 -1.04203 1.04535
2 1.39008 -1.04209 1.04542
2 1.39248 -1.04215 1.04548
2 1.39488 -1.04221 1.04555
2 1.39728 -1.04226 1.04562
2 1.39956 -1.04231 1.04567
2 1.40188 -1.04237 1.04573
2 1.40424 -1.04242 1.0458
2 1.40664 -1.04248 1.04586
2 1.40904 -1.04253 1.04593
2 1.41144 -1.04259 1.046
2 1.41384 -1.04265 1.04606
2 1.41624 -1.04271 1.04613
2 1.41864 -1.04276 1.04619
2 1.42104 -1.04282 1.04626
2 1.42344 -1.04288 1.04632
2 1.42584 -1.04294 1.04639
2 1.42824 -1.04299 1.04645
2 1.43064 -1.04305 1.04652
2 1.43304 -1.04311 1.04658
2 1.43544 -1.04316 1.04664
2 1.43784 -1.04322 1.0467
2 1.44024 -1.04328 1.04677
2 1.44264 -1.04333 1.04683
3 1.44504 -1.04339 1.04688
3 1.44744 -1.04345 1.04688
2 1.44984 -1.0435 1.047
2 1.45224 -1.04356 1.04707
2 1.45464 -1.04362 1.04713
2 1.45704 -1.04367 1.04719
2 1.45944 -1.04373 1.04726
2 1.46184 -1.04379 1.04732
2 1.46424 -1.04384 1.04739
2 1.46664 -1.0439 1.04745
2 1.46904 -1.04396 1.04752
2 1.47144 -1.04401 1.04759
2 1.47384 -1.04407 1.04765
2 1.47624 -1.04413 1.04772
2 1.47864 -1.04418 1.04779
2 1.48104 -1.04424 1.04786
2 1.48344 -1.04429 1.04792
2 1.48584 -1.04435 1.04799
2 1.48824 -1.04441 1.04806
2 1.49064 -1.04446 1.04813
2 1.49304 -1.04452 1.04819
2 1.49544 -1.04457 1.04826
2 1.49784 -1.04463 1.04833
2 1.50024 -1.04469 1.0484
2 1.50264 -1.04474 1.04846
2 1.50504 -1.0448 1.04853
2 1.50744 -1.04485 1.0486
2 1.50984 -1.04491 1.04867
2 1.51224 -1.04497 1.04873
2 1.51464 -1.04502 1.0488
2 1.51704 -1.04508 1.04887
2 1.51944 -1.04513 1.04894
2 1.52184 -1.04519 1.049
2 1.52424 -1.04524 1.04907
2 1.52664 -1.0453 1.04914
2 1.52904 -1.04535 1.04921
2 1.53144 -1.04541 1.04927
2 1.53384 -1.04547 1.04934
2 1.53624 -1.04552 1.04941
2 1.53864 -1.04558 1.04947
2 1.54104 -1.04563 1.04954
2 1.54344 -1.04569 1.04961
2 1.54584 -1.04574 1.04968
2 1.54824 -1.0458 1.04974
2 1.55064 -1.04585 1.04981
2 1.55304 -1.04591 1.04988
2 1.55544 -1.04596 1.04994
2 1.55784 -1.04601 1.05001
2 1.56024 -1.04607 1.05008
2 1.56264 -1.04612 1.05014
2 1.56504 -1.04618 1.05021
2 1.56744 -1.04623 1.05028
2 1.56984 -1.04628 1.05034
2 1.57224 -1.04634 1.05041
2 1.57464 -1.04639 1.05048
2 1.57704 -1.04644 1.05054
2 1.57944 -1.0465 1.05061
2 1.58184 -1.04655 1.05068
2 1.58424 -1.0466 1.05074
2 1.58664 -1.04665 1.05081
2 1.58904 -1.04671 1.05088
2 1.59144 -1.04676 1.05094
2 1.59384 -1.04681 1.05101
2 1.59624 -1.04685 1.05107
3 1.59859 -1.0469 1.05114
3 1.60089 -1.04694 1.0512
2 1.6032 -1.04699 1.05126
2 1.6056 -1.04704 1.05132
2 1.608 -1.04709 1.05139
2 1.6104 -1.04714 1.05145
2 1.6128 -1.0472 1.05152
2 1.6152 -1.04725 1.05159
2 1.6176 -1.0473 1.05165
2 1.62 -1.04736 1.05172
2 1.6224 -1.04741 1.05178
2 1.6248 -1.04747 1.05185
2 1.6272 -1.04752 1.05192
2 1.6296 -1.04757 1.05198
2 1.632 -1.04763 1.05205
2 1.6344 -1.04768 1.05211
2 1.6368 -1.04774 1.05218
2 1.6392 -1.04779 1.05224
2 1.6416 -1.04785 1.05231
2 1.644 -1.0479 1.05238
2 1.6464 -1.04796 1.05244
2 1.6488 -1.04801 1.05251
2 1.6512 -1.04807 1.05257
2 1.6536 -1.04812 1.05264
2 1.656 -1.04818 1.0527
2 1.6584 -1.04823 1.05277
2 1.6608 -1.04829 1.05283
2 1.6632 -1.04834 1.0529
2 1.6656 -1.0484 1.05297
2 1.668 -1.04845 1.05303
2 1.6704 -1.04851 1.0531
2 1.6728 -1.04856 1.05316
2 1.6752 -1.04862 1.05323
2 1.6776 -1.04867 1.05329
2 1.68 -1.04873 1.05336
2 1.6824 -1.04878 1.05342
2 1.6848 -1.04884 1.05349
2 1.6872 -1.04889 1.05355
2 1.6896 -1.04894 1.05362
2 1.692 -1.049 1.05368
2 1.6944 -1.04905 1.05375
2 1.6968 -1.04911 1.05382
2 1.69911 -1.04916 1.05388
2 1.70141 -1.04921 1.05394
2 1.70376 -1.04926 1.054
2 1.70616 -1.04931 1.05406
2 1.70856 -1.04937 1.05413
2 1.71096 -1.04942 1.05419
2 1.71336 -1.04948 1.05426
2 1.71576 -1.04953 1.05432
2 1.71816 -1.04958 1.05439
2 1.72056 -1.04964 1.05445
2 1.72296 -1.04969 1.05452
2 1.72536 -1.04975 1.05458
2 1.72776 -1.0498 1.05465
2 1.73016 -1.04986 1.05471
2 1.73256 -1.04991 1.05478
2 1.73496 -1.04996 1.05484
2 1.73736 -1.05002 1.05491
2 1.73976 -1.05007 1.05497
2 1.74216 -1.05013 1.05504
2 1.74456 -1.05018 1.0551
2 1.74696 -1.05023 1.05517
2 1.74936 -1.05029 1.05523
2 1.75176 -1.05034 1.0553
2 1.75416 -1.0504 1.05536
2 1.75656 -1.05045 1.05543
2 1.75896 -1.0505 1.05549
2 1.76136 -1.05056 1.05555
2 1.76376 -1.05061 1.05562
2 1.76616 -1.05067 1.05568
2 1.76856 -1.05072 1.05575
2 1.77096 -1.05077 1.05581
2 1.77336 -1.05083 1.05588
2 1.77576 -1.05088 1.05594
2 1.77816 -1.05094 1.05601
2 1.78056 -1.05099 1.05607
2 1.78296 -1.05104 1.05614
2 1.78536 -1.0511 1.0562
2 1.78776 -1.05115 1.05626
2 1.79016 -1.0512 1.05633
2 1.79256 -1.05126 1.05639
2 1.79496 -1.05131 1.05646
2 1.79736 -1.05137 1.05652
2 1.79976 -1.05142 1.05659
2 1.80216 -1.05147 1.05665
2 1.80456 -1.05153 1.05671
2 1.80696 -1.05158 1.05678
2 1.80936 -1.05163 1.05684
2 1.81176 -1.05169 1.05691
2 1.81416 -1.05174 1.05697
2 1.81656 -1.0518 1.05703
2 1.81896 -1.05185 1.0571
2 1.82136 -1.0519 1.05716
2 1.82376 -1.05196 1.05723
2 1.82616 -1.05201 1.05729
2 1.82856 -1.05206 1.05735
2 1.83096 -1.05212 1.05742
2 1.83336 -1.05217 1.05748
2 1.83576 -1.05222 1.05754
2 1.83816 -1.05228 1.05761
2 1.84056 -1.05233 1.05767
2 1.84296 -1.05239 1.05774
2 1.84536 -1.05244 1.0578
2 1.84776 -1.05249 1.05786
2 1.85016 -1.05255 1.05793
2 1.85256 -1.0526 1.05799
2 1.85496 -1.05265 1.05806
2 1.85736 -1.05271 1.05812
2 1.85976 -1.05276 1.05818
2 1.86216 -1.05281 1.05825
2 1.86456 -1.05287 1.05831
2 1.86696 -1.05292 1.05837
2 1.86936 -1.05297 1.05844
2 1.87176 -1.05302 1.0585
2 1.87416 -1.05308 1.05856
2 1.87656 -1.05313 1.05863
2 1.87896 -1.05318 1.05869
2 1.88136 -1.05324 1.05876
2 1.88376 -1.05329 1.05882
2 1.88616 -1.05334 1.05888
2 1.88856 -1.05339 1.05895
2 1.89096 -1.05345 1.05901
2 1.89336 -1.0535 1.05907
2 1.89576 -1.05355 1.05914
2 1.89812 -1.0536 1.0592
2 1.90044 -1.05365 1.05926
2 1.90272 -1.0537 1.05931
2 1.90512 -1.05375 1.05938
2 1.90752 -1.0538 1.05944
2 1.90992 -1.05385 1.0595
2 1.91232 -1.05391 1.05957
2 1.91472 -1.05396 1.05963
2 1.91712 -1.05401 1.05969
2 1.91952 -1.05406 1.05976
2 1.92192 -1.05412 1.05982
2 1.92432 -1.05417 1.05988
2 1.92672 -1.05422 1.05995
2 1.92912 -1.05427 1.06001
2 1.93152 -1.05433 1.06007
2 1.93392 -1.05438 1.06014
2 1.93632 -1.05443 1.0602
2 1.93872 -1.05448 1.06026
2 1.94112 -1.05454 1.06033
2 1.94352 -1.05459 1.06039
2 1.94592 -1.05464 1.06045
2 1.94832 -1.05469 1.06052
2 1.95072 -1.05474 1.06058
2 1.95312 -1.0548 1.06064
2 1.95552 -1.05485 1.0607
2 1.95792 -1.0549 1.06077
2 1.96032 -1.05495 1.06083
2 1.96272 -1.055 1.06089
2 1.96512 -1.05506 1.06096
2 1.96752 -1.05511 1.06102
2 1.96992 -1.05516 1.06108
2 1.97232 -1.05521 1.06114
2 1.97472 -1.05526 1.06121
2 1.97712 -1.05532 1.06127
2 1.97952 -1.05537 1.06133
2 1.98192 -1.05542 1.06139
2 1.98432 -1.05547 1.06146
2 1.98672 -1.05552 1.06152
2 1.98912 -1.05558 1.06158
2 1.99152 -1.05563 1.06164
2 1.99392 -1.05568 1.06171
2 1.99632 -1.05573 1.06177
2 1.99867 -1.05578 1.06183
2 2.00094 -1.05586 1.0619
2 2.00329 -1.05602 1.06205
2 2.00568 -1.05614 1.06219
2 2.00808 -1.05624 1.0623
2 2.01048 -1.05631 1.06239
2 2.01288 -1.05638 1.06247
3 2.01528 -1.05645 1.0625
3 2.01768 -1.05651 1.0625
2 2.02008 -1.05657 1.06269
2 2.02248 -1.05663 1.06275
2 2.02488 -1.0567 1.06282
2 2.02728 -1.05676 1.06289
2 2.02968 -1.05682 1.06296
2 2.03208 -1.05688 1.06303
2 2.03448 -1.05694 1.0631
2 2.03688 -1.057 1.06317
2 2.03928 -1.05706 1.06324
2 2.04168 -1.05711 1.06331
2 2.04408 -1.05717 1.06338
2 2.04648 -1.05723 1.06345
2 2.04888 -1.05728 1.06353
2 2.05128 -1.05734 1.0636
2 2.05368 -1.05739 1.06367
2 2.05608 -1.05745 1.06374
2 2.05848 -1.05751 1.06381
2 2.06088 -1.05756 1.06388
2 2.06328 -1.05762 1.06396
2 2.06568 -1.05768 1.06403
2 2.06808 -1.05774 1.0641
2 2.07048 -1.0578 1.06417
2 2.07288 -1.05785 1.06424
2 2.07528 -1.05791 1.06431
2 2.07768 -1.05797 1.06438
2 2.08008 -1.05802 1.06445
2 2.08248 -1.05808 1.06452
2 2.08488 -1.05813 1.06459
2 2.08728 -1.05819 1.06466
2 2.08968 -1.05824 1.06473
2 2.09208 -1.0583 1.0648
2 2.09448 -1.05836 1.06487
2 2.09688 -1.05841 1.06494
2 2.09928 -1.05847 1.06501
2 2.10168 -1.05852 1.06508
2 2.10408 -1.05858 1.06515
2 2.10648 -1.05863 1.06522
2 2.10888 -1.05869 1.06529
2 2.11128 -1.05874 1.06536
2 2.11368 -1.0588 1.06542
2 2.11608 -1.05886 1.06549
2 2.11848 -1.05891 1.06556
2 2.12088 -1.05897 1.06563
2 2.12328 -1.05902 1.0657
2 2.12568 -1.05908 1.06577
2 2.12808 -1.05914 1.06584
2 2.13048 -1.05919 1.0659
2 2.13288 -1.05925 1.06597
2 2.13528 -1.0593 1.06604
2 2.13768 -1.05936 1.06611
2 2.14008 -1.05941 1.06618
2 2.14248 -1.05947 1.06624
2 2.14488 -1.05952 1.06631
2 2.14728 -1.05958 1.06638
2 2.14968 -1.05963 1.06645
2 2.15208 -1.05968 1.06651
2 2.15448 -1.05974 1.06658
2 2.15688 -1.05979 1.06665
2 2.15928 -1.05985 1.06672
2 2.16168 -1.0599 1.06678
2 2.16408 -1.05995 1.06685
2 2.16648 -1.06001 1.06692
2 2.16888 -1.06006 1.06698
2 2.17128 -1.06012 1.06705
2 2.17368 -1.06017 1.06712
2 2.17608 -1.06022 1.06718
2 2.17848 -1.06028 1.06725
2 2.18088 -1.06033 1.06732
2 2.18328 -1.06039 1.06738
2 2.18568 -1.06044 1.06745
2 2.18808 -1.0605 1.06752
2 2.19048 -1.06055 1.06758
2 2.19288 -1.0606 1.06765
2 2.19528 -1.06066 1.06771
2 2.19765 -1.06071 1.06778
2 2.2 -1.06076 1.06784
2 2.20224 -1.0608 1.06789
2 2.20464 -1.06085 1.06796
2 2.20704 -1.06091 1.06803
2 2.20944 -1.06096 1.06809
2 2.21184 -1.06102 1.06816
2 2.21424 -1.06107 1.06822
2 2.21664 -1.06112 1.06829
2 2.21904 -1.06118 1.06836
2 2.22144 -1.06123 1.06842
2 2.22384 -1.06128 1.06849
2 2.22624 -1.06133 1.06855
2 2.22864 -1.06139 1.06862
2 2.23104 -1.06144 1.06868
2 2.23344 -1.06149 1.06875
2 2.23584 -1.06155 1.06882
2 2.23824 -1.0616 1.06888
2 2.24064 -1.06165 1.06895
2 2.24304 -1.0617 1.06901
2 2.24544 -1.06176 1.06908
2 2.24784 -1.06181 1.06914
2 2.25024 -1.06186 1.06921
2 2.25264 -1.06191 1.06927
2 2.25504 -1.06196 1.06934
2 2.25744 -1.06202 1.0694
2 2.25984 -1.06207 1.06947
2 2.26224 -1.06212 1.06953
2 2.26464 -1.06217 1.0696
2 2.26704 -1.06222 1.06966
2 2.26944 -1.06227 1.06973
2 2.27184 -1.06232 1.06979
2 2.27424 -1.06237 1.06985
2 2.27664 -1.06242 1.06992
2 2.27904 -1.06247 1.06998
3 2.28144 -1.06251 1.07005
3 2.28384 -1.06256 1.07011
3 2.28624 -1.0626 1.07018
2 2.28864 -1.06265 1.07024
2 2.29104 -1.0627 1.07031
2 2.29344 -1.06275 1.07037
2 2.29584 -1.06279 1.07044
2 2.29822 -1.06284 1.0705
2 2.30047 -1.06289 1.07055
2 2.30282 -1.06293 1.07062
2 2.3052 -1.06298 1.07068
2 2.3076 -1.06304 1.07074
2 2.31 -1.06309 1.07081
2 2.3124 -1.06314 1.07087
2 2.3148 -1.0632 1.07094
2 2.3172 -1.06325 1.071
2 2.3196 -1.0633 1.07107
2 2.322 -1.06335 1.07113
2 2.3244 -1.06341 1.0712
2 2.3268 -1.06346 1.07126
2 2.3292 -1.06351 1.07132
2 2.3316 -1.06357 1.07139
2 2.334 -1.06362 1.07145
2 2.3364 -1.06368 1.07152
2 2.3388 -1.06373 1.07158
2 2.3412 -1.06378 1.07164
2 2.3436 -1.06384 1.07171
2 2.346 -1.06389 1.07177
2 2.3484 -1.06395 1.07184
2 2.3508 -1.064 1.0719
2 2.3532 -1.06405 1.07196
2 2.3556 -1.06411 1.07203
2 2.358 -1.06416 1.07209
2 2.3604 -1.06421 1.07215
2 2.3628 -1.06427 1.07222
2 2.3652 -1.06432 1.07228
2 2.3676 -1.06437 1.07235
2 2.37 -1.06443 1.07241
2 2.3724 -1.06448 1.07247
2 2.3748 -1.06453 1.07254
2 2.3772 -1.06459 1.0726
2 2.3796 -1.06464 1.07266
2 2.382 -1.06469 1.07273
2 2.3844 -1.06475 1.07279
2 2.3868 -1.0648 1.07285
2 2.3892 -1.06485 1.07292
2 2.3916 -1.06491 1.07298
2 2.394 -1.06496 1.07305
2 2.3964 -1.06501 1.07311
2 2.3988 -1.06507 1.07317
2 2.4012 -1.06512 1.07324
2 2.4036 -1.06517 1.0733
2 2.406 -1.06522 1.07336
2 2.4084 -1.06528 1.07343
2 2.4108 -1.06533 1.07349
2 2.4132 -1.06538 1.07355
2 2.4156 -1.06544 1.07361
2 2.418 -1.06549 1.07368
2 2.4204 -1.06554 1.07374
2 2.4228 -1.06559 1.0738
2 2.4252 -1.06565 1.07387
2 2.4276 -1.0657 1.07393
2 2.43 -1.06575 1.07399
2 2.4324 -1.0658 1.07405
2 2.4348 -1.06585 1.07412
2 2.4372 -1.0659 1.07418
2 2.4396 -1.06596 1.07424
2 2.442 -1.06601 1.0743
2 2.4444 -1.06606 1.07437
2 2.4468 -1.06611 1.07443
2 2.4492 -1.06616 1.07449
2 2.4516 -1.06622 1.07455
2 2.454 -1.06627 1.07462
2 2.4564 -1.06632 1.07468
2 2.4588 -1.06637 1.07474
2 2.4612 -1.06642 1.0748
2 2.4636 -1.06647 1.07487
2 2.466 -1.06652 1.07493
2 2.4684 -1.06658 1.07499
2 2.4708 -1.06663 1.07505
2 2.4732 -1.06668 1.07512
2 2.4756 -1.06673 1.07518
2 2.478 -1.06678 1.07524
2 2.4804 -1.06683 1.0753
2 2.4828 -1.06688 1.07536
2 2.4852 -1.06694 1.07543
2 2.4876 -1.06699 1.07549
2 2.49 -1.06704 1.07555
2 2.4924 -1.06709 1.07561
2 2.4948 -1.06714 1.07568
2 2.49718 -1.06719 1.07574
2 2.49953 -1.06724 1.0758
2 2.50178 -1.06728 1.07585
2 2.50416 -1.06733 1.07591
2 2.50656 -1.06738 1.07597
2 2.50896 -1.06743 1.07603
2 2.51136 -1.06748 1.0761
2 2.51376 -1.06753 1.07616
2 2.51616 -1.06759 1.07622
2 2.51856 -1.06764 1.07628
2 2.52096 -1.06769 1.07634
2 2.52336 -1.06774 1.07641
2 2.52576 -1.06779 1.07647
2 2.52816 -1.06784 1.07653
2 2.53056 -1.06789 1.07659
2 2.53296 -1.06794 1.07665
2 2.53536 -1.06799 1.07671
2 2.53776 -1.06805 1.07678
2 2.54016 -1.0681 1.07684
2 2.54256 -1.06815 1.0769
2 2.54496 -1.0682 1.07696
2 2.54736 -1.06825 1.07702
2 2.54976 -1.0683 1.07708
2 2.55216 -1.06835 1.07715
2 2.55456 -1.0684 1.07721
2 2.55696 -1.06845 1.07727
2 2.55936 -1.0685 1.07733
2 2.56176 -1.06855 1.07739
2 2.56416 -1.0686 1.07745
2 2.56656 -1.06865 1.07751
2 2.56896 -1.0687 1.07757
2 2.57136 -1.06875 1.07763
2 2.57376 -1.0688 1.07769
2 2.57616 -1.06886 1.07775
2 2.57856 -1.06891 1.07781
2 2.58096 -1.06896 1.07787
2 2.58336 -1.06901 1.07793
2 2.58576 -1.06906 1.07798
2 2.58816 -1.06911 1.07804
2 2.59056 -1.06916 1.0781
3 2.59296 -1.06921 1.07812
3 2.59536 -1.06926 1.07812
2 2.59776 -1.06931 1.07826
2 2.6 -1.06935 1.07832
2 2.60235 -1.0694 1.07837
2 2.60472 -1.06945 1.07843
2 2.60712 -1.0695 1.07849
2 2.60952 -1.06955 1.07855
2 2.61192 -1.0696 1.07861
2 2.61432 -1.06965 1.07867
2 2.61672 -1.0697 1.07873
2 2.61912 -1.06975 1.0788
2 2.62152 -1.0698 1.07886
2 2.62392 -1.06985 1.07892
2 2.62632 -1.0699 1.07898
2 2.62872 -1.06995 1.07904
2 2.63112 -1.07 1.07911
2 2.63352 -1.07005 1.07917
2 2.63592 -1.0701 1.07923
2 2.63832 -1.07015 1.07929
2 2.64072 -1.0702 1.07936
2 2.64312 -1.07025 1.07942
2 2.64552 -1.0703 1.07948
2 2.64792 -1.07035 1.07954
2 2.65032 -1.0704 1.07961
2 2.65272 -1.07045 1.07967
2 2.65512 -1.0705 1.07973
2 2.65752 -1.07055 1.07979
2 2.65992 -1.0706 1.07985
2 2.66232 -1.07065 1.07992
2 2.66472 -1.0707 1.07998
2 2.66712 -1.07075 1.08004
2 2.66952 -1.0708 1.0801
2 2.67192 -1.07085 1.08016
2 2.67432 -1.0709 1.08022
2 2.67672 -1.07095 1.08029
2 2.67912 -1.071 1.08035
2 2.68152 -1.07105 1.08041
2 2.68392 -1.0711 1.08047
2 2.68632 -1.07115 1.08053
2 2.68872 -1.0712 1.08059
2 2.69112 -1.07125 1.08066
2 2.69352 -1.0713 1.08072
2 2.69592 -1.07135 1.08078
2 2.69832 -1.0714 1.08084
2 2.70072 -1.07145 1.0809
2 2.70312 -1.0715 1.08096
2 2.70552 -1.07155 1.08103
2 2.70792 -1.0716 1.08109
2 2.71032 -1.07165 1.08115
2 2.71272 -1.0717 1.08121
2 2.71512 -1.07175 1.08127
2 2.71752 -1.0718 1.08133
2 2.71992 -1.07185 1.08139
2 2.72232 -1.0719 1.08145
2 2.72472 -1.07195 1.08152
2 2.72712 -1.072 1.08158
2 2.72952 -1.07205 1.08164
2 2.73192 -1.0721 1.0817
2 2.73432 -1.07215 1.08176
2 2.73672 -1.0722 1.08182
2 2.73912 -1.07225 1.08188
2 2.74152 -1.0723 1.08195
2 2.74392 -1.07235 1.08201
2 2.74632 -1.0724 1.08207
2 2.74872 -1.07245 1.08213
2 2.75112 -1.0725 1.08219
2 2.75352 -1.07255 1.08225
2 2.75592 -1.0726 1.08231
2 2.75832 -1.07265 1.08238
2 2.76072 -1.0727 1.08244
2 2.76312 -1.07275 1.0825
2 2.76552 -1.0728 1.08256
2 2.76792 -1.07285 1.08262
2 2.77032 -1.0729 1.08268
2 2.77272 -1.07295 1.08274
2 2.77512 -1.073 1.0828
2 2.77752 -1.07305 1.08287
2 2.77992 -1.0731 1.08293
2 2.78232 -1.07315 1.08299
2 2.78472 -1.0732 1.08305
2 2.78712 -1.07325 1.08311
2 2.78952 -1.0733 1.08317
2 2.79192 -1.07335 1.08323
2 2.79432 -1.0734 1.08329
2 2.79671 -1.07345 1.08335
2 2.79906 -1.07349 1.08341
2 2.80133 -1.07354 1.08347
2 2.80368 -1.07358 1.08353
2 2.80608 -1.07363 1.08359
2 2.80848 -1.07368 1.08365
2 2.81088 -1.07373 1.08371
2 2.81328 -1.07378 1.08377
2 2.81568 -1.07383 1.08383
2 2.81808 -1.07388 1.08389
2 2.82048 -1.07393 1.08395
2 2.82288 -1.07398 1.08401
2 2.82528 -1.07403 1.08407
2 2.82768 -1.07408 1.08413
2 2.83008 -1.07413 1.08419
2 2.83248 -1.07418 1.08425
2 2.83488 -1.07423 1.08432
2 2.83728 -1.07428 1.08438
2 2.83968 -1.07433 1.08444
2 2.84208 -1.07438 1.0845
2 2.84448 -1.07443 1.08456
2 2.84688 -1.07448 1.08462
2 2.84928 -1.07453 1.08468
2 2.85168 -1.07458 1.08474
2 2.85408 -1.07463 1.0848
2 2.85648 -1.07468 1.08486
2 2.85888 -1.07473 1.08492
2 2.86128 -1.07478 1.08498
2 2.86368 -1.07483 1.08504
2 2.86608 -1.07487 1.0851
2 2.86848 -1.07492 1.08516
2 2.87088 -1.07497 1.08522
2 2.87328 -1.07502 1.08528
2 2.87568 -1.07507 1.08534
2 2.87808 -1.07512 1.0854
2 2.88048 -1.07517 1.08546
2 2.88288 -1.07522 1.08552
2 2.88528 -1.07527 1.08558
2 2.88768 -1.07532 1.08564
2 2.89008 -1.07536 1.0857
2 2.89248 -1.07541 1.08576
2 2.89488 -1.07546 1.08582
2 2.89728 -1.07551 1.08588
2 2.89956 -1.07556 1.08594
2 2.90188 -1.0756 1.08599
2 2.90424 -1.07565 1.08605
2 2.90664 -1.07569 1.08611
2 2.90904 -1.07574 1.08617
2 2.91144 -1.07579 1.08623
2 2.91384 -1.07584 1.08629
2 2.91624 -1.07589 1.08635
2 2.91864 -1.07594 1.08641
2 2.92104 -1.07599 1.08647
2 2.92344 -1.07603 1.08653
2 2.92584 -1.07608 1.08658
2 2.92824 -1.07613 1.08664
2 2.93064 -1.07618 1.0867
2 2.93304 -1.07623 1.08676
2 2.93544 -1.07628 1.08682
2 2.93784 -1.07632 1.08688
2 2.94024 -1.07637 1.08694
2 2.94264 -1.07642 1.087
2 2.94504 -1.07647 1.08706
2 2.94744 -1.07652 1.08712
2 2.94984 -1.07657 1.08718
2 2.95224 -1.07661 1.08724
2 2.95464 -1.07666 1.0873
2 2.95704 -1.07671 1.08736
2 2.95944 -1.07676 1.08742
2 2.96184 -1.07681 1.08748
2 2.96424 -1.07685 1.08754
2 2.96664 -1.0769 1.0876
2 2.96904 -1.07695 1.08766
2 2.97144 -1.077 1.08772
2 2.97384 -1.07705 1.08778
2 2.97624 -1.07709 1.08784
2 2.97864 -1.07714 1.0879
2 2.98104 -1.07719 1.08796
2 2.98344 -1.07724 1.08802
2 2.98584 -1.07729 1.08808
2 2.98824 -1.07733 1.08814
2 2.99064 -1.07738 1.0882
2 2.99304 -1.07743 1.08826
2 2.99544 -1.07748 1.08831
2 2.99784 -1.07752 1.08837
