1 0 1 1
2 0.00104529 1 1
2 0.00281901 1 1
2 0.00492857 1 1
1 0.00715385 1.00022 1.00022
1 0.00946154 1.0004 1.0004
1 0.0117692 1.00064 1.00064
1 0.0140769 1.00092 1.00092
1 0.0163846 1.00126 1.00126
1 0.0186923 1.00165 1.00165
1 0.021 1.0021 1.0021
1 0.0233077 1.00259 1.00259
1 0.0256154 1.00314 1.00314
1 0.0279231 1.00373 1.00373
1 0.0302308 1.00437 1.00437
1 0.0325385 1.00506 1.00506
1 0.0348462 1.0058 1.0058
1 0.0371538 1.00658 1.00658
1 0.0394615 1.0074 1.0074
1 0.0417692 1.00827 1.00827
1 0.0440769 1.00918 1.00918
1 0.0463846 1.01013 1.01013
1 0.0486923 1.01112 1.01112
1 0.051 1.01215 1.01215
1 0.0533077 1.01322 1.01322
1 0.0556154 1.01432 1.01432
1 0.0579231 1.01546 1.01546
1 0.0602308 1.01664 1.01664
1 0.0625385 1.01786 1.01786
1 0.0648462 1.01911 1.01911
1 0.0671538 1.02039 1.02039
1 0.0694615 1.0217 1.0217
1 0.0717692 1.02305 1.02305
1 0.0740769 1.02442 1.02442
1 0.0763846 1.02582 1.02582
1 0.0786923 1.02726 1.02726
1 0.081 1.02873 1.02873
1 0.0833077 1.03022 1.03022
1 0.0856154 1.03173 1.03173
1 0.0879231 1.03327 1.03327
1 0.0902308 1.03487 1.03487
1 0.0925385 1.03648 1.03648
1 0.0948462 1.03811 1.03811
1 0.0971538 1.03977 1.03977
1 0.0994615 1.04145 1.04145
1 0.101769 1.04315 1.04315
1 0.104077 1.04488 1.04488
1 0.106385 1.04664 1.04664
1 0.108692 1.04842 1.04842
1 0.111 1.05023 1.05023
1 0.113308 1.05206 1.05206
1 0.115615 1.05392 1.05392
1 0.117923 1.05581 1.05581
1 0.120231 1.05771 1.05771
1 0.122538 1.05963 1.05963
1 0.124846 1.06158 1.06158
1 0.127154 1.06353 1.06353
1 0.129462 1.06552 1.06552
1 0.131769 1.06754 1.06754
1 0.134077 1.06957 1.06957
1 0.136385 1.07162 1.07162
1 0.138692 1.07368 1.07368
1 0.141 1.07576 1.07576
1 0.143308 1.07785 1.07785
1 0.145615 1.07997 1.07997
1 0.147923 1.08211 1.08211
1 0.150231 1.08425 1.08425
1 0.152538 1.08641 1.08641
1 0.154846 1.08858 1.08858
1 0.157154 1.09076 1.09076
1 0.159462 1.09296 1.09296
1 0.161769 1.09514 1.09514
1 0.164077 1.09737 1.09737
1 0.166385 1.09962 1.09962
1 0.168692 1.10185 1.10185
1 0.171 1.1041 1.1041
1 0.173308 1.10635 1.10635
1 0.175615 1.1086 1.1086
1 0.177923 1.11087 1.11087
1 0.180231 1.11314 1.11314
1 0.182538 1.11542 1.11542
1 0.184846 1.11771 1.11771
1 0.187154 1.12 1.12
1 0.189462 1.12229 1.12229
1 0.191769 1.12458 1.12458
1 0.194077 1.12685 1.12685
1 0.196385 1.12915 1.12915
1 0.198692 1.13145 1.13145
1 0.201 1.13374 1.13374
1 0.203308 1.13602 1.13602
1 0.205615 1.1383 1.1383
1 0.207923 1.14057 1.14057
1 0.210231 1.14285 1.14285
1 0.212538 1.14513 1.14513
1 0.214846 1.1474 1.1474
1 0.217154 1.14965 1.14965
1 0.219462 1.15189 1.15189
1 0.221769 1.15414 1.15414
2 0.224077 1.15625 1.15637
1 0.226385 1.15858 1.15858
1 0.228692 1.16082 1.16082
1 0.231 1.16304 1.16304
1 0.233308 1.16523 1.16523
1 0.235615 1.16742 1.16742
1 0.237923 1.1696 1.1696
1 0.240231 1.17176 1.17176
1 0.242538 1.17392 1.17392
1 0.244846 1.17606 1.17606
1 0.247154 1.1782 1.1782
1 0.249462 1.18033 1.18033
1 0.251769 1.18245 1.18245
1 0.254077 1.18455 1.18455
1 0.256385 1.18663 1.18663
1 0.258692 1.18868 1.18868
1 0.261 1.19075 1.19075
1 0.263308 1.1928 1.1928
1 0.265615 1.19483 1.19483
1 0.267923 1.19685 1.19685
1 0.270231 1.19884 1.19884
1 0.272538 1.20082 1.20082
1 0.274846 1.20279 1.20279
1 0.277154 1.20475 1.20475
1 0.279462 1.20669 1.20669
1 0.281769 1.20862 1.20862
1 0.284077 1.21053 1.21053
1 0.286385 1.21242 1.21242
1 0.288692 1.21429 1.21429
1 0.291 1.21615 1.21615
1 0.293308 1.21799 1.21799
1 0.295615 1.2198 1.2198
1 0.297923 1.22161 1.22161
1 0.300231 1.22342 1.22342
1 0.302538 1.2252 1.2252
1 0.304846 1.22696 1.22696
1 0.307154 1.2287 1.2287
1 0.309462 1.23043 1.23043
1 0.311769 1.23213 1.23213
1 0.314077 1.23383 1.23383
1 0.316385 1.2355 1.2355
1 0.318692 1.23717 1.23717
1 0.321 1.23881 1.23881
1 0.323308 1.24044 1.24044
1 0.325615 1.24206 1.24206
1 0.327923 1.24365 1.24365
1 0.330231 1.24523 1.24523
1 0.332538 1.24679 1.24679
1 0.334846 1.24834 1.24834
1 0.337154 1.24986 1.24986
1 0.339462 1.25136 1.25136
1 0.341769 1.25287 1.25287
1 0.344077 1.25436 1.25436
1 0.346385 1.25582 1.25582
1 0.348692 1.25727 1.25727
1 0.351 1.2587 1.2587
1 0.353308 1.26011 1.26011
1 0.355615 1.26151 1.26151
1 0.357923 1.26289 1.26289
1 0.360231 1.26425 1.26425
1 0.362538 1.2656 1.2656
1 0.364846 1.26693 1.26693
1 0.367154 1.26826 1.26826
1 0.369462 1.26957 1.26957
1 0.371769 1.27086 1.27086
1 0.374077 1.27214 1.27214
1 0.376385 1.2734 1.2734
1 0.378692 1.27464 1.27464
1 0.381 1.27586 1.27586
1 0.383308 1.27708 1.27708
1 0.385615 1.27828 1.27828
1 0.387923 1.27946 1.27946
1 0.390231 1.28063 1.28063
1 0.392538 1.28178 1.28178
1 0.394846 1.28292 1.28292
1 0.397154 1.28406 1.28406
1 0.399462 1.28518 1.28518
1 0.401769 1.28628 1.28628
1 0.404077 1.28737 1.28737
1 0.406385 1.28844 1.28844
1 0.408692 1.2895 1.2895
1 0.411 1.29054 1.29054
1 0.413308 1.29157 1.29157
1 0.415615 1.29259 1.29259
1 0.417923 1.2936 1.2936
1 0.420231 1.29459 1.29459
1 0.422538 1.29557 1.29557
1 0.424846 1.29654 1.29654
1 0.427154 1.2975 1.2975
1 0.429462 1.29845 1.29845
1 0.431769 1.29938 1.29938
1 0.434077 1.3003 1.3003
1 0.436385 1.30121 1.30121
1 0.438692 1.30211 1.30211
1 0.441 1.303 1.303
1 0.443308 1.30388 1.30388
1 0.445615 1.30475 1.30475
1 0.447923 1.3056 1.3056
1 0.450231 1.30644 1.30644
1 0.452538 1.30728 1.30728
1 0.454846 1.3081 1.3081
1 0.457154 1.30891 1.30891
1 0.459462 1.30971 1.30971
1 0.461769 1.3105 1.3105
1 0.464077 1.31128 1.31128
1 0.466385 1.31205 1.31205
1 0.468692 1.31281 1.31281
1 0.471 1.31355 1.31355
1 0.473308 1.31431 1.31431
1 0.475615 1.31505 1.31505
1 0.477923 1.31578 1.31578
1 0.480231 1.3165 1.3165
1 0.482538 1.31721 1.31721
1 0.484846 1.3179 1.3179
1 0.487154 1.31859 1.31859
1 0.489462 1.31928 1.31928
1 0.491769 1.31995 1.31995
1 0.494077 1.32061 1.32061
1 0.496385 1.32127 1.32127
1 0.498692 1.32192 1.32192
1 0.501 1.32257 1.32257
1 0.503308 1.3232 1.3232
1 0.505615 1.32383 1.32383
1 0.507923 1.32445 1.32445
1 0.510231 1.32506 1.32506
1 0.512538 1.32567 1.32567
1 0.514846 1.32627 1.32627
1 0.517154 1.32686 1.32686
1 0.519462 1.32745 1.32745
1 0.521769 1.32803 1.32803
1 0.524077 1.3286 1.3286
1 0.526385 1.32917 1.32917
1 0.528692 1.32974 1.32974
1 0.531 1.3303 1.3303
1 0.533308 1.33084 1.33084
1 0.535615 1.33139 1.33139
1 0.537923 1.33193 1.33193
1 0.540231 1.33246 1.33246
1 0.542538 1.33299 1.33299
1 0.544846 1.33351 1.33351
1 0.547154 1.33403 1.33403
1 0.549462 1.33454 1.33454
1 0.551769 1.33505 1.33505
1 0.554077 1.33555 1.33555
1 0.556385 1.33605 1.33605
1 0.558692 1.33654 1.33654
1 0.561 1.33702 1.33702
1 0.563308 1.3375 1.3375
1 0.565615 1.33798 1.33798
1 0.567923 1.33845 1.33845
1 0.570231 1.33892 1.33892
1 0.572538 1.33938 1.33938
1 0.574846 1.33984 1.33984
1 0.577154 1.34029 1.34029
1 0.579462 1.34074 1.34074
1 0.581769 1.34119 1.34119
1 0.584077 1.34163 1.34163
1 0.586385 1.34206 1.34206
1 0.588692 1.3425 1.3425
1 0.591 1.34292 1.34292
1 0.593308 1.34335 1.34335
2 0.595615 1.34375 1.34375
1 0.597923 1.34417 1.34417
1 0.600231 1.34458 1.34458
1 0.602538 1.34499 1.34499
1 0.604846 1.3454 1.3454
1 0.607154 1.34581 1.34581
1 0.609462 1.3462 1.3462
1 0.611769 1.3466 1.3466
1 0.614077 1.34699 1.34699
1 0.616385 1.34737 1.34737
1 0.618692 1.34775 1.34775
1 0.621 1.34813 1.34813
1 0.623308 1.34851 1.34851
1 0.625615 1.34888 1.34888
1 0.627923 1.34924 1.34924
1 0.630231 1.3496 1.3496
1 0.632538 1.34996 1.34996
1 0.634846 1.35032 1.35032
1 0.637154 1.35067 1.35067
1 0.639462 1.35102 1.35102
1 0.641769 1.35137 1.35137
1 0.644077 1.35171 1.35171
1 0.646385 1.35205 1.35205
1 0.648692 1.35238 1.35238
1 0.651 1.35272 1.35272
1 0.653308 1.35305 1.35305
1 0.655615 1.35337 1.35337
1 0.657923 1.3537 1.3537
1 0.660231 1.35402 1.35402
1 0.662538 1.35433 1.35433
1 0.664846 1.35465 1.35465
1 0.667154 1.35496 1.35496
1 0.669462 1.35527 1.35527
1 0.671769 1.35557 1.35557
1 0.674077 1.35588 1.35588
1 0.676385 1.35618 1.35618
1 0.678692 1.35647 1.35647
1 0.681 1.35677 1.35677
1 0.683308 1.35706 1.35706
1 0.685615 1.35735 1.35735
1 0.687923 1.35763 1.35763
1 0.690231 1.35791 1.35791
1 0.692538 1.35819 1.35819
1 0.694846 1.35847 1.35847
1 0.697154 1.35875 1.35875
1 0.699462 1.35902 1.35902
1 0.701769 1.35929 1.35929
1 0.704077 1.35956 1.35956
1 0.706385 1.35982 1.35982
1 0.708692 1.36008 1.36008
1 0.711 1.36034 1.36034
1 0.713308 1.3606 1.3606
1 0.715615 1.36085 1.36085
1 0.717923 1.3611 1.3611
1 0.720231 1.36135 1.36135
1 0.722538 1.3616 1.3616
1 0.724846 1.36184 1.36184
1 0.727154 1.36208 1.36208
1 0.729462 1.36232 1.36232
1 0.731769 1.36256 1.36256
1 0.734077 1.36279 1.36279
1 0.736385 1.36302 1.36302
1 0.738692 1.36325 1.36325
1 0.741 1.36348 1.36348
1 0.743308 1.36371 1.36371
1 0.745615 1.36393 1.36393
1 0.747923 1.36415 1.36415
1 0.750231 1.36437 1.36437
1 0.752538 1.36458 1.36458
1 0.754846 1.36479 1.36479
1 0.757154 1.36501 1.36501
1 0.759462 1.36521 1.36521
1 0.761769 1.36542 1.36542
1 0.764077 1.36563 1.36563
1 0.766385 1.36583 1.36583
1 0.768692 1.36603 1.36603
1 0.771 1.36623 1.36623
1 0.773308 1.36643 1.36643
1 0.775615 1.36662 1.36662
1 0.777923 1.36681 1.36681
1 0.780231 1.367 1.367
1 0.782538 1.36719 1.36719
1 0.784846 1.36738 1.36738
1 0.787154 1.36756 1.36756
1 0.789462 1.36774 1.36774
1 0.791769 1.36792 1.36792
1 0.794077 1.3681 1.3681
1 0.796385 1.36828 1.36828
1 0.798692 1.36845 1.36845
1 0.801 1.36862 1.36862
1 0.803308 1.3688 1.3688
1 0.805615 1.36897 1.36897
1 0.807923 1.36913 1.36913
1 0.810231 1.3693 1.3693
1 0.812538 1.36946 1.36946
1 0.814846 1.36963 1.36963
1 0.817154 1.36979 1.36979
1 0.819462 1.36995 1.36995
1 0.821769 1.3701 1.3701
1 0.824077 1.37026 1.37026
1 0.826385 1.37041 1.37041
1 0.828692 1.37057 1.37057
1 0.831 1.37072 1.37072
1 0.833308 1.37087 1.37087
1 0.835615 1.37101 1.37101
1 0.837923 1.37116 1.37116
1 0.840231 1.37131 1.37131
1 0.842538 1.37145 1.37145
1 0.844846 1.37159 1.37159
1 0.847154 1.37173 1.37173
1 0.849462 1.37187 1.37187
1 0.851769 1.37201 1.37201
1 0.854077 1.37214 1.37214
1 0.856385 1.37228 1.37228
1 0.858692 1.37241 1.37241
1 0.861 1.37254 1.37254
1 0.863308 1.37267 1.37267
1 0.865615 1.3728 1.3728
1 0.867923 1.37293 1.37293
1 0.870231 1.37305 1.37305
1 0.872538 1.37318 1.37318
1 0.874846 1.3733 1.3733
1 0.877154 1.37342 1.37342
1 0.879462 1.37354 1.37354
1 0.881769 1.37366 1.37366
1 0.884077 1.37378 1.37378
1 0.886385 1.3739 1.3739
1 0.888692 1.37401 1.37401
1 0.891 1.37413 1.37413
1 0.893308 1.37424 1.37424
1 0.895615 1.37435 1.37435
1 0.897923 1.37446 1.37446
