0 
7.11882e-06 
2.65531e-05 
5.13318e-05 
8.08185e-05 
0.000114762 
0.000152726 
0.000193991 
0.000238531 
0.000286142 
0.000336399 
0.000389671 
0.00044521 
0.000501983 
0.00056146 
0.000622423 
0.000684991 
0.000747559 
0.000811914 
0.00087822 
0.000944525 
0.00101304 
0.00108156 
0.00115007 
0.00121859 
0.00128985 
0.0013611 
0.00143236 
0.00150361 
0.00157487 
0.00164613 
0.00171738 
0.00178864 
0.0018599 
0.00193115 
0.00200241 
0.00207367 
0.00214492 
0.00221618 
0.00228744 
0.00235869 
0.00242995 
0.0025012 
0.00257246 
0.00264372 
0.00271497 
0.00278623 
0.00285749 
0.00292874 
0.003 
0.00307692 
0.00315385 
0.00323077 
0.00330769 
0.00338462 
0.00346154 
0.00353846 
0.00361538 
0.00369231 
0.00376923 
0.00384615 
0.00392308 
0.004 
0.00407692 
0.00415385 
0.00423077 
0.00430769 
0.00438462 
0.00446154 
0.00453846 
0.00461538 
0.00469231 
0.00476923 
0.00484615 
0.00492308 
0.005 
0.00507692 
0.00515385 
0.00523077 
0.00530769 
0.00538462 
0.00546154 
0.00553846 
0.00561538 
0.00569231 
0.00576923 
0.00584615 
0.00592308 
0.006 
0.00607692 
0.00615385 
0.00623077 
0.00630769 
0.00638462 
0.00646154 
0.00653846 
0.00661538 
0.00669231 
0.00676923 
0.00684615 
0.00692308 
0.007 
0.00707692 
0.00715385 
0.00723077 
0.00730769 
0.00738462 
0.00746154 
0.00753846 
0.00761538 
0.00769231 
0.00776923 
0.00784615 
0.00792308 
0.008 
0.00807692 
0.00815385 
0.00823077 
0.00830769 
0.00838462 
0.00846154 
0.00853846 
0.00861538 
0.00869231 
0.00876923 
0.00884615 
0.00892308 
0.009 
0.00907692 
0.00915385 
0.00923077 
0.00930769 
0.00938462 
0.00946154 
0.00953846 
0.00961538 
0.00969231 
0.00976923 
0.00984615 
0.00992308 
0.01 
0.0100769 
0.0101538 
0.0102308 
0.0103077 
0.0103846 
0.0104615 
0.0105385 
0.0106154 
0.0106923 
0.0107692 
0.0108462 
0.0109231 
0.011 
0.0110769 
0.0111538 
0.0112308 
0.0113077 
0.0113846 
0.0114615 
0.0115385 
0.0116154 
0.0116923 
0.0117692 
0.0118462 
0.0119231 
0.012 
0.0120769 
0.0121538 
0.0122308 
0.0123077 
0.0123846 
0.0124615 
0.0125385 
0.0126154 
0.0126923 
0.0127692 
0.0128462 
0.0129231 
0.013 
0.0130769 
0.0131538 
0.0132308 
0.0133077 
0.0133846 
0.0134615 
0.0135385 
0.0136154 
0.0136923 
0.0137692 
0.0138462 
0.0139231 
0.014 
0.0140769 
0.0141538 
0.0142308 
0.0143077 
0.0143846 
0.0144615 
0.0145385 
0.0146154 
0.0146923 
0.0147692 
0.0148462 
0.0149231 
0.015 
0.0150769 
0.0151538 
0.0152308 
0.0153077 
0.0153846 
0.0154615 
0.0155385 
0.0156154 
0.0156923 
0.0157692 
0.0158462 
0.0159231 
0.016 
0.0160769 
0.0161538 
0.0162308 
0.0163077 
0.0163846 
0.0164615 
0.0165385 
0.0166154 
0.0166923 
0.0167692 
0.0168462 
0.0169231 
0.017 
0.0170769 
0.0171538 
0.0172308 
0.0173077 
0.0173846 
0.0174615 
0.0175385 
0.0176154 
0.0176923 
0.0177692 
0.0178462 
0.0179231 
0.018 
0.0180769 
0.0181538 
0.0182308 
0.0183077 
0.0183846 
0.0184615 
0.0185385 
0.0186154 
0.0186923 
0.0187692 
0.0188462 
0.0189231 
0.019 
0.0190769 
0.0191538 
0.0192308 
0.0193077 
0.0193846 
0.0194615 
0.0195385 
0.0196154 
0.0196923 
0.0197692 
0.0198462 
0.0199231 
0.02 
0.0200769 
0.0201538 
0.0202308 
0.0203077 
0.0203846 
0.0204615 
0.0205385 
0.0206154 
0.0206923 
0.0207692 
0.0208462 
0.0209231 
0.021 
0.0210769 
0.0211538 
0.0212308 
0.0213077 
0.0213846 
0.0214615 
0.0215385 
0.0216154 
0.0216923 
0.0217692 
0.0218462 
0.0219231 
0.022 
0.0220769 
0.0221538 
0.0222308 
0.0223077 
0.0223846 
0.0224615 
0.0225385 
0.0226154 
0.0226923 
0.0227692 
0.0228462 
0.0229231 
0.023 
0.0230769 
0.0231538 
0.0232308 
0.0233077 
0.0233846 
0.0234615 
0.0235385 
0.0236154 
0.0236923 
0.0237692 
0.0238462 
0.0239231 
0.024 
0.0240769 
0.0241538 
0.0242308 
0.0243077 
0.0243846 
0.0244615 
0.0245385 
0.0246154 
0.0246923 
0.0247692 
0.0248462 
0.0249231 
0.025 
0.0250769 
0.0251538 
0.0252308 
0.0253077 
0.0253846 
0.0254615 
0.0255385 
0.0256154 
0.0256923 
0.0257692 
0.0258462 
0.0259231 
0.026 
0.0260769 
0.0261538 
0.0262308 
0.0263077 
0.0263846 
0.0264615 
0.0265385 
0.0266154 
0.0266923 
0.0267692 
0.0268462 
0.0269231 
0.027 
0.0270769 
0.0271538 
0.0272308 
0.0273077 
0.0273846 
0.0274615 
0.0275385 
0.0276154 
0.0276923 
0.0277692 
0.0278462 
0.0279231 
0.028 
0.0280769 
0.0281538 
0.0282308 
0.0283077 
0.0283846 
0.0284615 
0.0285385 
0.0286154 
0.0286923 
0.0287692 
0.0288462 
0.0289231 
0.029 
0.0290769 
0.0291538 
0.0292308 
0.0293077 
0.0293846 
0.0294615 
0.0295385 
0.0296154 
0.0296923 
0.0297692 
0.0298462 
0.0299231 
0.03 
0.0300769 
0.0301538 
0.0302308 
0.0303077 
0.0303846 
0.0304615 
0.0305385 
0.0306154 
0.0306923 
0.0307692 
0.0308462 
0.0309231 
0.031 
0.0310769 
0.0311538 
0.0312308 
0.0313077 
0.0313846 
0.0314615 
0.0315385 
0.0316154 
0.0316923 
0.0317692 
0.0318462 
0.0319231 
0.032 
0.0320769 
0.0321538 
0.0322308 
0.0323077 
0.0323846 
0.0324615 
0.0325385 
0.0326154 
0.0326923 
0.0327692 
0.0328462 
0.0329231 
0.033 
0.0330769 
0.0331538 
0.0332308 
0.0333077 
0.0333846 
0.0334615 
0.0335385 
0.0336154 
0.0336923 
0.0337692 
0.0338462 
0.0339231 
0.034 
0.0340769 
0.0341538 
0.0342308 
0.0343077 
0.0343846 
0.0344615 
0.0345385 
0.0346154 
0.0346923 
0.0347692 
0.0348462 
0.0349231 
0.035 
0.0350769 
0.0351538 
0.0352308 
0.0353077 
0.0353846 
0.0354615 
0.0355385 
0.0356154 
0.0356923 
0.0357692 
0.0358462 
0.0359231 
0.036 
0.0360769 
0.0361538 
0.0362308 
0.0363077 
0.0363846 
0.0364615 
0.0365385 
0.0366154 
0.0366923 
0.0367692 
0.0368462 
0.0369231 
0.037 
0.0370769 
0.0371538 
0.0372308 
0.0373077 
0.0373846 
0.0374615 
0.0375385 
0.0376154 
0.0376923 
0.0377692 
0.0378462 
0.0379231 
0.038 
0.0380769 
0.0381538 
0.0382308 
0.0383077 
0.0383846 
0.0384615 
0.0385385 
0.0386154 
0.0386923 
0.0387692 
0.0388462 
0.0389231 
0.039 
0.0390769 
0.0391538 
0.0392308 
0.0393077 
0.0393846 
0.0394615 
0.0395385 
0.0396154 
0.0396923 
0.0397692 
0.0398462 
0.0399231 
0.04 
0.0400769 
0.0401538 
0.0402308 
0.0403077 
0.0403846 
0.0404615 
0.0405385 
0.0406154 
0.0406923 
0.0407692 
0.0408462 
0.0409231 
0.041 
0.0410769 
0.0411538 
0.0412308 
0.0413077 
0.0413846 
0.0414615 
0.0415385 
0.0416154 
0.0416923 
0.0417692 
0.0418462 
0.0419231 
0.042 
0.0420769 
0.0421538 
0.0422308 
0.0423077 
0.0423846 
0.0424615 
0.0425385 
0.0426154 
0.0426923 
0.0427692 
0.0428462 
0.0429231 
0.043 
0.0430769 
0.0431538 
0.0432308 
0.0433077 
0.0433846 
0.0434615 
0.0435385 
0.0436154 
0.0436923 
0.0437692 
0.0438462 
0.0439231 
0.044 
0.0440769 
0.0441538 
0.0442308 
0.0443077 
0.0443846 
0.0444615 
0.0445385 
0.0446154 
0.0446923 
0.0447692 
0.0448462 
0.0449231 
0.045 
0.0450769 
0.0451538 
0.0452308 
0.0453077 
0.0453846 
0.0454615 
0.0455385 
0.0456154 
0.0456923 
0.0457692 
0.0458462 
0.0459231 
0.046 
0.0460769 
0.0461538 
0.0462308 
0.0463077 
0.0463846 
0.0464615 
0.0465385 
0.0466154 
0.0466923 
0.0467692 
0.0468462 
0.0469231 
0.047 
0.0470769 
0.0471538 
0.0472308 
0.0473077 
0.0473846 
0.0474615 
0.0475385 
0.0476154 
0.0476923 
0.0477692 
0.0478462 
0.0479231 
0.048 
0.0480769 
0.0481538 
0.0482308 
0.0483077 
0.0483846 
0.0484615 
0.0485385 
0.0486154 
0.0486923 
0.0487692 
0.0488462 
0.0489231 
0.049 
0.0490769 
0.0491538 
0.0492308 
0.0493077 
0.0493846 
0.0494615 
0.0495385 
0.0496154 
0.0496923 
0.0497692 
0.0498462 
0.0499231 
0.05 
0.0500769 
0.0501538 
0.0502308 
0.0503077 
0.0503846 
0.0504615 
0.0505385 
0.0506154 
0.0506923 
0.0507692 
0.0508462 
0.0509231 
0.051 
0.0510769 
0.0511538 
0.0512308 
0.0513077 
0.0513846 
0.0514615 
0.0515385 
0.0516154 
0.0516923 
0.0517692 
0.0518462 
0.0519231 
0.052 
0.0520769 
0.0521538 
0.0522308 
0.0523077 
0.0523846 
0.0524615 
0.0525385 
0.0526154 
0.0526923 
0.0527692 
0.0528462 
0.0529231 
0.053 
0.0530769 
0.0531538 
0.0532308 
0.0533077 
0.0533846 
0.0534615 
0.0535385 
0.0536154 
0.0536923 
0.0537692 
0.0538462 
0.0539231 
0.054 
0.0540769 
0.0541538 
0.0542308 
0.0543077 
0.0543846 
0.0544615 
0.0545385 
0.0546154 
0.0546923 
0.0547692 
0.0548462 
0.0549231 
0.055 
0.0550769 
0.0551538 
0.0552308 
0.0553077 
0.0553846 
0.0554615 
0.0555385 
0.0556154 
0.0556923 
0.0557692 
0.0558462 
0.0559231 
0.056 
0.0560769 
0.0561538 
0.0562308 
0.0563077 
0.0563846 
0.0564615 
0.0565385 
0.0566154 
0.0566923 
0.0567692 
0.0568462 
0.0569231 
0.057 
0.0570769 
0.0571538 
0.0572308 
0.0573077 
0.0573846 
0.0574615 
0.0575385 
0.0576154 
0.0576923 
0.0577692 
0.0578462 
0.0579231 
0.058 
0.0580769 
0.0581538 
0.0582308 
0.0583077 
0.0583846 
0.0584615 
0.0585385 
0.0586154 
0.0586923 
0.0587692 
0.0588462 
0.0589231 
0.059 
0.0590769 
0.0591538 
0.0592308 
0.0593077 
0.0593846 
0.0594615 
0.0595385 
0.0596154 
0.0596923 
0.0597692 
0.0598462 
0.0599231 
0.06 
0.0600769 
0.0601538 
0.0602308 
0.0603077 
0.0603846 
0.0604615 
0.0605385 
0.0606154 
0.0606923 
0.0607692 
0.0608462 
0.0609231 
0.061 
0.0610769 
0.0611538 
0.0612308 
0.0613077 
0.0613846 
0.0614615 
0.0615385 
0.0616154 
0.0616923 
0.0617692 
0.0618462 
0.0619231 
0.062 
0.0620769 
0.0621538 
0.0622308 
0.0623077 
0.0623846 
0.0624615 
0.0625385 
0.0626154 
0.0626923 
0.0627692 
0.0628462 
0.0629231 
0.063 
0.0630769 
0.0631538 
0.0632308 
0.0633077 
0.0633846 
0.0634615 
0.0635385 
0.0636154 
0.0636923 
0.0637692 
0.0638462 
0.0639231 
0.064 
0.0640769 
0.0641538 
0.0642308 
0.0643077 
0.0643846 
0.0644615 
0.0645385 
0.0646154 
0.0646923 
0.0647692 
0.0648462 
0.0649231 
0.065 
0.0650769 
0.0651538 
0.0652308 
0.0653077 
0.0653846 
0.0654615 
0.0655385 
0.0656154 
0.0656923 
0.0657692 
0.0658462 
0.0659231 
0.066 
0.0660769 
0.0661538 
0.0662308 
0.0663077 
0.0663846 
0.0664615 
0.0665385 
0.0666154 
0.0666923 
0.0667692 
0.0668462 
0.0669231 
0.067 
0.0670769 
0.0671538 
0.0672308 
0.0673077 
0.0673846 
0.0674615 
0.0675385 
0.0676154 
0.0676923 
0.0677692 
0.0678462 
0.0679231 
0.068 
0.0680769 
0.0681538 
0.0682308 
0.0683077 
0.0683846 
0.0684615 
0.0685385 
0.0686154 
0.0686923 
0.0687692 
0.0688462 
0.0689231 
0.069 
0.0690769 
0.0691538 
0.0692308 
0.0693077 
0.0693846 
0.0694615 
0.0695385 
0.0696154 
0.0696923 
0.0697692 
0.0698462 
0.0699231 
0.07 
0.0700769 
0.0701538 
0.0702308 
0.0703077 
0.0703846 
0.0704615 
0.0705385 
0.0706154 
0.0706923 
0.0707692 
0.0708462 
0.0709231 
0.071 
0.0710769 
0.0711538 
0.0712308 
0.0713077 
0.0713846 
0.0714615 
0.0715385 
0.0716154 
0.0716923 
0.0717692 
0.0718462 
0.0719231 
0.072 
0.0720769 
0.0721538 
0.0722308 
0.0723077 
0.0723846 
0.0724615 
0.0725385 
0.0726154 
0.0726923 
0.0727692 
0.0728462 
0.0729231 
0.073 
0.0730769 
0.0731538 
0.0732308 
0.0733077 
0.0733846 
0.0734615 
0.0735385 
0.0736154 
0.0736923 
0.0737692 
0.0738462 
0.0739231 
0.074 
0.0740769 
0.0741538 
0.0742308 
0.0743077 
0.0743846 
0.0744615 
0.0745385 
0.0746154 
0.0746923 
0.0747692 
0.0748462 
0.0749231 
0.075 
0.0750769 
0.0751538 
0.0752308 
0.0753077 
0.0753846 
0.0754615 
0.0755385 
0.0756154 
0.0756923 
0.0757692 
0.0758462 
0.0759231 
0.076 
0.0760769 
0.0761538 
0.0762308 
0.0763077 
0.0763846 
0.0764615 
0.0765385 
0.0766154 
0.0766923 
0.0767692 
0.0768462 
0.0769231 
0.077 
0.0770769 
0.0771538 
0.0772308 
0.0773077 
0.0773846 
0.0774615 
0.0775385 
0.0776154 
0.0776923 
0.0777692 
0.0778462 
0.0779231 
0.078 
0.0780769 
0.0781538 
0.0782308 
0.0783077 
0.0783846 
0.0784615 
0.0785385 
0.0786154 
0.0786923 
0.0787692 
0.0788462 
0.0789231 
0.079 
0.0790769 
0.0791538 
0.0792308 
0.0793077 
0.0793846 
0.0794615 
0.0795385 
0.0796154 
0.0796923 
0.0797692 
0.0798462 
0.0799231 
0.08 
0.0800769 
0.0801538 
0.0802308 
0.0803077 
0.0803846 
0.0804615 
0.0805385 
0.0806154 
0.0806923 
0.0807692 
0.0808462 
0.0809231 
0.081 
0.0810769 
0.0811538 
0.0812308 
0.0813077 
0.0813846 
0.0814615 
0.0815385 
0.0816154 
0.0816923 
0.0817692 
0.0818462 
0.0819231 
0.082 
0.0820769 
0.0821538 
0.0822308 
0.0823077 
0.0823846 
0.0824615 
0.0825385 
0.0826154 
0.0826923 
0.0827692 
0.0828462 
0.0829231 
0.083 
0.0830769 
0.0831538 
0.0832308 
0.0833077 
0.0833846 
0.0834615 
0.0835385 
0.0836154 
0.0836923 
0.0837692 
0.0838462 
0.0839231 
0.084 
0.0840769 
0.0841538 
0.0842308 
0.0843077 
0.0843846 
0.0844615 
0.0845385 
0.0846154 
0.0846923 
0.0847692 
0.0848462 
0.0849231 
0.085 
0.0850769 
0.0851538 
0.0852308 
0.0853077 
0.0853846 
0.0854615 
0.0855385 
0.0856154 
0.0856923 
0.0857692 
0.0858462 
0.0859231 
0.086 
0.0860769 
0.0861538 
0.0862308 
0.0863077 
0.0863846 
0.0864615 
0.0865385 
0.0866154 
0.0866923 
0.0867692 
0.0868462 
0.0869231 
0.087 
0.0870769 
0.0871538 
0.0872308 
0.0873077 
0.0873846 
0.0874615 
0.0875385 
0.0876154 
0.0876923 
0.0877692 
0.0878462 
0.0879231 
0.088 
0.0880769 
0.0881538 
0.0882308 
0.0883077 
0.0883846 
0.0884615 
0.0885385 
0.0886154 
0.0886923 
0.0887692 
0.0888462 
0.0889231 
0.089 
0.0890769 
0.0891538 
0.0892308 
0.0893077 
0.0893846 
0.0894615 
0.0895385 
0.0896154 
0.0896923 
0.0897692 
0.0898462 
0.0899231 
0.09 
0.0900769 
0.0901538 
0.0902308 
0.0903077 
0.0903846 
0.0904615 
0.0905385 
0.0906154 
0.0906923 
0.0907692 
0.0908462 
0.0909231 
0.091 
0.0910769 
0.0911538 
0.0912308 
0.0913077 
0.0913846 
0.0914615 
0.0915385 
0.0916154 
0.0916923 
0.0917692 
0.0918462 
0.0919231 
0.092 
0.0920769 
0.0921538 
0.0922308 
0.0923077 
0.0923846 
0.0924615 
0.0925385 
0.0926154 
0.0926923 
0.0927692 
0.0928462 
0.0929231 
0.093 
0.0930769 
0.0931538 
0.0932308 
0.0933077 
0.0933846 
0.0934615 
0.0935385 
0.0936154 
0.0936923 
0.0937692 
0.0938462 
0.0939231 
0.094 
0.0940769 
0.0941538 
0.0942308 
0.0943077 
0.0943846 
0.0944615 
0.0945385 
0.0946154 
0.0946923 
0.0947692 
0.0948462 
0.0949231 
0.095 
0.0950769 
0.0951538 
0.0952308 
0.0953077 
0.0953846 
0.0954615 
0.0955385 
0.0956154 
0.0956923 
0.0957692 
0.0958462 
0.0959231 
0.096 
0.0960769 
0.0961538 
0.0962308 
0.0963077 
0.0963846 
0.0964615 
0.0965385 
0.0966154 
0.0966923 
0.0967692 
0.0968462 
0.0969231 
0.097 
0.0970769 
0.0971538 
0.0972308 
0.0973077 
0.0973846 
0.0974615 
0.0975385 
0.0976154 
0.0976923 
0.0977692 
0.0978462 
0.0979231 
0.098 
0.0980769 
0.0981538 
0.0982308 
0.0983077 
0.0983846 
0.0984615 
0.0985385 
0.0986154 
0.0986923 
0.0987692 
0.0988462 
0.0989231 
0.099 
0.0990769 
0.0991538 
0.0992308 
0.0993077 
0.0993846 
0.0994615 
0.0995385 
0.0996154 
0.0996923 
0.0997692 
0.0998462 
0.0999231 
0.1 
0.100077 
0.100154 
0.100231 
0.100308 
0.100385 
0.100462 
0.100538 
0.100615 
0.100692 
0.100769 
0.100846 
0.100923 
0.101 
0.101077 
0.101154 
0.101231 
0.101308 
0.101385 
0.101462 
0.101538 
0.101615 
0.101692 
0.101769 
0.101846 
0.101923 
0.102 
0.102077 
0.102154 
0.102231 
0.102308 
0.102385 
0.102462 
0.102538 
0.102615 
0.102692 
0.102769 
0.102846 
0.102923 
0.103 
0.103077 
0.103154 
0.103231 
0.103308 
0.103385 
0.103462 
0.103538 
0.103615 
0.103692 
0.103769 
0.103846 
0.103923 
0.104 
0.104077 
0.104154 
0.104231 
0.104308 
0.104385 
0.104462 
0.104538 
0.104615 
0.104692 
0.104769 
0.104846 
0.104923 
0.105 
0.105077 
0.105154 
0.105231 
0.105308 
0.105385 
0.105462 
0.105538 
0.105615 
0.105692 
0.105769 
0.105846 
0.105923 
0.106 
0.106077 
0.106154 
0.106231 
0.106308 
0.106385 
0.106462 
0.106538 
0.106615 
0.106692 
0.106769 
0.106846 
0.106923 
0.107 
0.107077 
0.107154 
0.107231 
0.107308 
0.107385 
0.107462 
0.107538 
0.107615 
0.107692 
0.107769 
0.107846 
0.107923 
0.108 
0.108077 
0.108154 
0.108231 
0.108308 
0.108385 
0.108462 
0.108538 
0.108615 
0.108692 
0.108769 
0.108846 
0.108923 
0.109 
0.109077 
0.109154 
0.109231 
0.109308 
0.109385 
0.109462 
0.109538 
0.109615 
0.109692 
0.109769 
0.109846 
0.109923 
0.11 
0.110077 
0.110154 
0.110231 
0.110308 
0.110385 
0.110462 
0.110538 
0.110615 
0.110692 
0.110769 
0.110846 
0.110923 
0.111 
0.111077 
0.111154 
0.111231 
0.111308 
0.111385 
0.111462 
0.111538 
0.111615 
0.111692 
0.111769 
0.111846 
0.111923 
0.112 
0.112077 
0.112154 
0.112231 
0.112308 
0.112385 
0.112462 
0.112538 
0.112615 
0.112692 
0.112769 
0.112846 
0.112923 
0.113 
0.113077 
0.113154 
0.113231 
0.113308 
0.113385 
0.113462 
0.113538 
0.113615 
0.113692 
0.113769 
0.113846 
0.113923 
0.114 
0.114077 
0.114154 
0.114231 
0.114308 
0.114385 
0.114462 
0.114538 
0.114615 
0.114692 
0.114769 
0.114846 
0.114923 
0.115 
0.115077 
0.115154 
0.115231 
0.115308 
0.115385 
0.115462 
0.115538 
0.115615 
0.115692 
0.115769 
0.115846 
0.115923 
0.116 
0.116077 
0.116154 
0.116231 
0.116308 
0.116385 
0.116462 
0.116538 
0.116615 
0.116692 
0.116769 
0.116846 
0.116923 
0.117 
0.117077 
0.117154 
0.117231 
0.117308 
0.117385 
0.117462 
0.117538 
0.117615 
0.117692 
0.117769 
0.117846 
0.117923 
0.118 
0.118077 
0.118154 
0.118231 
0.118308 
0.118385 
0.118462 
0.118538 
0.118615 
0.118692 
0.118769 
0.118846 
0.118923 
0.119 
0.119077 
0.119154 
0.119231 
0.119308 
0.119385 
0.119462 
0.119538 
0.119615 
0.119692 
0.119769 
0.119846 
0.119923 
0.12 
0.120077 
0.120154 
0.120231 
0.120308 
0.120385 
0.120462 
0.120538 
0.120615 
0.120692 
0.120769 
0.120846 
0.120923 
0.121 
0.121077 
0.121154 
0.121231 
0.121308 
0.121385 
0.121462 
0.121538 
0.121615 
0.121692 
0.121769 
0.121846 
0.121923 
0.122 
0.122077 
0.122154 
0.122231 
0.122308 
0.122385 
0.122462 
0.122538 
0.122615 
0.122692 
0.122769 
0.122846 
0.122923 
0.123 
0.123077 
0.123154 
0.123231 
0.123308 
0.123385 
0.123462 
0.123538 
0.123615 
0.123692 
0.123769 
0.123846 
0.123923 
0.124 
0.124077 
0.124154 
0.124231 
0.124308 
0.124385 
0.124462 
0.124538 
0.124615 
0.124692 
0.124769 
0.124846 
0.124923 
0.125 
0.125077 
0.125154 
0.125231 
0.125308 
0.125385 
0.125462 
0.125538 
0.125615 
0.125692 
0.125769 
0.125846 
0.125923 
0.126 
0.126077 
0.126154 
0.126231 
0.126308 
0.126385 
0.126462 
0.126538 
0.126615 
0.126692 
0.126769 
0.126846 
0.126923 
0.127 
0.127077 
0.127154 
0.127231 
0.127308 
0.127385 
0.127462 
0.127538 
0.127615 
0.127692 
0.127769 
0.127846 
0.127923 
0.128 
0.128077 
0.128154 
0.128231 
0.128308 
0.128385 
0.128462 
0.128538 
0.128615 
0.128692 
0.128769 
0.128846 
0.128923 
0.129 
0.129077 
0.129154 
0.129231 
0.129308 
0.129385 
0.129462 
0.129538 
0.129615 
0.129692 
0.129769 
0.129846 
0.129923 
0.13 
0.130077 
0.130154 
0.130231 
0.130308 
0.130385 
0.130462 
0.130538 
0.130615 
0.130692 
0.130769 
0.130846 
0.130923 
0.131 
0.131077 
0.131154 
0.131231 
0.131308 
0.131385 
0.131462 
0.131538 
0.131615 
0.131692 
0.131769 
0.131846 
0.131923 
0.132 
0.132077 
0.132154 
0.132231 
0.132308 
0.132385 
0.132462 
0.132538 
0.132615 
0.132692 
0.132769 
0.132846 
0.132923 
0.133 
0.133077 
0.133154 
0.133231 
0.133308 
0.133385 
0.133462 
0.133538 
0.133615 
0.133692 
0.133769 
0.133846 
0.133923 
0.134 
0.134077 
0.134154 
0.134231 
0.134308 
0.134385 
0.134462 
0.134538 
0.134615 
0.134692 
0.134769 
0.134846 
0.134923 
0.135 
0.135077 
0.135154 
0.135231 
0.135308 
0.135385 
0.135462 
0.135538 
0.135615 
0.135692 
0.135769 
0.135846 
0.135923 
0.136 
0.136077 
0.136154 
0.136231 
0.136308 
0.136385 
0.136462 
0.136538 
0.136615 
0.136692 
0.136769 
0.136846 
0.136923 
0.137 
0.137077 
0.137154 
0.137231 
0.137308 
0.137385 
0.137462 
0.137538 
0.137615 
0.137692 
0.137769 
0.137846 
0.137923 
0.138 
0.138077 
0.138154 
0.138231 
0.138308 
0.138385 
0.138462 
0.138538 
0.138615 
0.138692 
0.138769 
0.138846 
0.138923 
0.139 
0.139077 
0.139154 
0.139231 
0.139308 
0.139385 
0.139462 
0.139538 
0.139615 
0.139692 
0.139769 
0.139846 
0.139923 
0.14 
0.140077 
0.140154 
0.140231 
0.140308 
0.140385 
0.140462 
0.140538 
0.140615 
0.140692 
0.140769 
0.140846 
0.140923 
0.141 
0.141077 
0.141154 
0.141231 
0.141308 
0.141385 
0.141462 
0.141538 
0.141615 
0.141692 
0.141769 
0.141846 
0.141923 
0.142 
0.142077 
0.142154 
0.142231 
0.142308 
0.142385 
0.142462 
0.142538 
0.142615 
0.142692 
0.142769 
0.142846 
0.142923 
0.143 
0.143077 
0.143154 
0.143231 
0.143308 
0.143385 
0.143462 
0.143538 
0.143615 
0.143692 
0.143769 
0.143846 
0.143923 
0.144 
0.144077 
0.144154 
0.144231 
0.144308 
0.144385 
0.144462 
0.144538 
0.144615 
0.144692 
0.144769 
0.144846 
0.144923 
0.145 
0.145077 
0.145154 
0.145231 
0.145308 
0.145385 
0.145462 
0.145538 
0.145615 
0.145692 
0.145769 
0.145846 
0.145923 
0.146 
0.146077 
0.146154 
0.146231 
0.146308 
0.146385 
0.146462 
0.146538 
0.146615 
0.146692 
0.146769 
0.146846 
0.146923 
0.147 
0.147077 
0.147154 
0.147231 
0.147308 
0.147385 
0.147462 
0.147538 
0.147615 
0.147692 
0.147769 
0.147846 
0.147923 
0.148 
0.148077 
0.148154 
0.148231 
0.148308 
0.148385 
0.148462 
0.148538 
0.148615 
0.148692 
0.148769 
0.148846 
0.148923 
0.149 
0.149077 
0.149154 
0.149231 
0.149308 
0.149385 
0.149462 
0.149538 
0.149615 
0.149692 
0.149769 
0.149846 
0.149923 
0.15 
0.150077 
0.150154 
0.150231 
0.150308 
0.150385 
0.150462 
0.150538 
0.150615 
0.150692 
0.150769 
0.150846 
0.150923 
0.151 
0.151077 
0.151154 
0.151231 
0.151308 
0.151385 
0.151462 
0.151538 
0.151615 
0.151692 
0.151769 
0.151846 
0.151923 
0.152 
0.152077 
0.152154 
0.152231 
0.152308 
0.152385 
0.152462 
0.152538 
0.152615 
0.152692 
0.152769 
0.152846 
0.152923 
0.153 
0.153077 
0.153154 
0.153231 
0.153308 
0.153385 
0.153462 
0.153538 
0.153615 
0.153692 
0.153769 
0.153846 
0.153923 
0.154 
0.154077 
0.154154 
0.154231 
0.154308 
0.154385 
0.154462 
0.154538 
0.154615 
0.154692 
0.154769 
0.154846 
0.154923 
0.155 
0.155077 
0.155154 
0.155231 
0.155308 
0.155385 
0.155462 
0.155538 
0.155615 
0.155692 
0.155769 
0.155846 
0.155923 
0.156 
0.156077 
0.156154 
0.156231 
0.156308 
0.156385 
0.156462 
0.156538 
0.156615 
0.156692 
0.156769 
0.156846 
0.156923 
0.157 
0.157077 
0.157154 
0.157231 
0.157308 
0.157385 
0.157462 
0.157538 
0.157615 
0.157692 
0.157769 
0.157846 
0.157923 
0.158 
0.158077 
0.158154 
0.158231 
0.158308 
0.158385 
0.158462 
0.158538 
0.158615 
0.158692 
0.158769 
0.158846 
0.158923 
0.159 
0.159077 
0.159154 
0.159231 
0.159308 
0.159385 
0.159462 
0.159538 
0.159615 
0.159692 
0.159769 
0.159846 
0.159923 
0.16 
0.160077 
0.160154 
0.160231 
0.160308 
0.160385 
0.160462 
0.160538 
0.160615 
0.160692 
0.160769 
0.160846 
0.160923 
0.161 
0.161077 
0.161154 
0.161231 
0.161308 
0.161385 
0.161462 
0.161538 
0.161615 
0.161692 
0.161769 
0.161846 
0.161923 
0.162 
0.162077 
0.162154 
0.162231 
0.162308 
0.162385 
0.162462 
0.162538 
0.162615 
0.162692 
0.162769 
0.162846 
0.162923 
0.163 
0.163077 
0.163154 
0.163231 
0.163308 
0.163385 
0.163462 
0.163538 
0.163615 
0.163692 
0.163769 
0.163846 
0.163923 
0.164 
0.164077 
0.164154 
0.164231 
0.164308 
0.164385 
0.164462 
0.164538 
0.164615 
0.164692 
0.164769 
0.164846 
0.164923 
0.165 
0.165077 
0.165154 
0.165231 
0.165308 
0.165385 
0.165462 
0.165538 
0.165615 
0.165692 
0.165769 
0.165846 
0.165923 
0.166 
0.166077 
0.166154 
0.166231 
0.166308 
0.166385 
0.166462 
0.166538 
0.166615 
0.166692 
0.166769 
0.166846 
0.166923 
0.167 
0.167077 
0.167154 
0.167231 
0.167308 
0.167385 
0.167462 
0.167538 
0.167615 
0.167692 
0.167769 
0.167846 
0.167923 
0.168 
0.168077 
0.168154 
0.168231 
0.168308 
0.168385 
0.168462 
0.168538 
0.168615 
0.168692 
0.168769 
0.168846 
0.168923 
0.169 
0.169077 
0.169154 
0.169231 
0.169308 
0.169385 
0.169462 
0.169538 
0.169615 
0.169692 
0.169769 
0.169846 
0.169923 
0.17 
0.170077 
0.170154 
0.170231 
0.170308 
0.170385 
0.170462 
0.170538 
0.170615 
0.170692 
0.170769 
0.170846 
0.170923 
0.171 
0.171077 
0.171154 
0.171231 
0.171308 
0.171385 
0.171462 
0.171538 
0.171615 
0.171692 
0.171769 
0.171846 
0.171923 
0.172 
0.172077 
0.172154 
0.172231 
0.172308 
0.172385 
0.172462 
0.172538 
0.172615 
0.172692 
0.172769 
0.172846 
0.172923 
0.173 
0.173077 
0.173154 
0.173231 
0.173308 
0.173385 
0.173462 
0.173538 
0.173615 
0.173692 
0.173769 
0.173846 
0.173923 
0.174 
0.174077 
0.174154 
0.174231 
0.174308 
0.174385 
0.174462 
0.174538 
0.174615 
0.174692 
0.174769 
0.174846 
0.174923 
0.175 
0.175077 
0.175154 
0.175231 
0.175308 
0.175385 
0.175462 
0.175538 
0.175615 
0.175692 
0.175769 
0.175846 
0.175923 
0.176 
0.176077 
0.176154 
0.176231 
0.176308 
0.176385 
0.176462 
0.176538 
0.176615 
0.176692 
0.176769 
0.176846 
0.176923 
0.177 
0.177077 
0.177154 
0.177231 
0.177308 
0.177385 
0.177462 
0.177538 
0.177615 
0.177692 
0.177769 
0.177846 
0.177923 
0.178 
0.178077 
0.178154 
0.178231 
0.178308 
0.178385 
0.178462 
0.178538 
0.178615 
0.178692 
0.178769 
0.178846 
0.178923 
0.179 
0.179077 
0.179154 
0.179231 
0.179308 
0.179385 
0.179462 
0.179538 
0.179615 
0.179692 
0.179769 
0.179846 
0.179923 
0.18 
0.180077 
0.180154 
0.180231 
0.180308 
0.180385 
0.180462 
0.180538 
0.180615 
0.180692 
0.180769 
0.180846 
0.180923 
0.181 
0.181077 
0.181154 
0.181231 
0.181308 
0.181385 
0.181462 
0.181538 
0.181615 
0.181692 
0.181769 
0.181846 
0.181923 
0.182 
0.182077 
0.182154 
0.182231 
0.182308 
0.182385 
0.182462 
0.182538 
0.182615 
0.182692 
0.182769 
0.182846 
0.182923 
0.183 
0.183077 
0.183154 
0.183231 
0.183308 
0.183385 
0.183462 
0.183538 
0.183615 
0.183692 
0.183769 
0.183846 
0.183923 
0.184 
0.184077 
0.184154 
0.184231 
0.184308 
0.184385 
0.184462 
0.184538 
0.184615 
0.184692 
0.184769 
0.184846 
0.184923 
0.185 
0.185077 
0.185154 
0.185231 
0.185308 
0.185385 
0.185462 
0.185538 
0.185615 
0.185692 
0.185769 
0.185846 
0.185923 
0.186 
0.186077 
0.186154 
0.186231 
0.186308 
0.186385 
0.186462 
0.186538 
0.186615 
0.186692 
0.186769 
0.186846 
0.186923 
0.187 
0.187077 
0.187154 
0.187231 
0.187308 
0.187385 
0.187462 
0.187538 
0.187615 
0.187692 
0.187769 
0.187846 
0.187923 
0.188 
0.188077 
0.188154 
0.188231 
0.188308 
0.188385 
0.188462 
0.188538 
0.188615 
0.188692 
0.188769 
0.188846 
0.188923 
0.189 
0.189077 
0.189154 
0.189231 
0.189308 
0.189385 
0.189462 
0.189538 
0.189615 
0.189692 
0.189769 
0.189846 
0.189923 
0.19 
0.190077 
0.190154 
0.190231 
0.190308 
0.190385 
0.190462 
0.190538 
0.190615 
0.190692 
0.190769 
0.190846 
0.190923 
0.191 
0.191077 
0.191154 
0.191231 
0.191308 
0.191385 
0.191462 
0.191538 
0.191615 
0.191692 
0.191769 
0.191846 
0.191923 
0.192 
0.192077 
0.192154 
0.192231 
0.192308 
0.192385 
0.192462 
0.192538 
0.192615 
0.192692 
0.192769 
0.192846 
0.192923 
0.193 
0.193077 
0.193154 
0.193231 
0.193308 
0.193385 
0.193462 
0.193538 
0.193615 
0.193692 
0.193769 
0.193846 
0.193923 
0.194 
0.194077 
0.194154 
0.194231 
0.194308 
0.194385 
0.194462 
0.194538 
0.194615 
0.194692 
0.194769 
0.194846 
0.194923 
0.195 
0.195077 
0.195154 
0.195231 
0.195308 
0.195385 
0.195462 
0.195538 
0.195615 
0.195692 
0.195769 
0.195846 
0.195923 
0.196 
0.196077 
0.196154 
0.196231 
0.196308 
0.196385 
0.196462 
0.196538 
0.196615 
0.196692 
0.196769 
0.196846 
0.196923 
0.197 
0.197077 
0.197154 
0.197231 
0.197308 
0.197385 
0.197462 
0.197538 
0.197615 
0.197692 
0.197769 
0.197846 
0.197923 
0.198 
0.198077 
0.198154 
0.198231 
0.198308 
0.198385 
0.198462 
0.198538 
0.198615 
0.198692 
0.198769 
0.198846 
0.198923 
0.199 
0.199077 
0.199154 
0.199231 
0.199308 
0.199385 
0.199462 
0.199538 
0.199615 
0.199692 
0.199769 
0.199846 
0.199923 
0.2 
0.200077 
0.200154 
0.200231 
0.200308 
0.200385 
0.200462 
0.200538 
0.200615 
0.200692 
0.200769 
0.200846 
0.200923 
0.201 
0.201077 
0.201154 
0.201231 
0.201308 
0.201385 
0.201462 
0.201538 
0.201615 
0.201692 
0.201769 
0.201846 
0.201923 
0.202 
0.202077 
0.202154 
0.202231 
0.202308 
0.202385 
0.202462 
0.202538 
0.202615 
0.202692 
0.202769 
0.202846 
0.202923 
0.203 
0.203077 
0.203154 
0.203231 
0.203308 
0.203385 
0.203462 
0.203538 
0.203615 
0.203692 
0.203769 
0.203846 
0.203923 
0.204 
0.204077 
0.204154 
0.204231 
0.204308 
0.204385 
0.204462 
0.204538 
0.204615 
0.204692 
0.204769 
0.204846 
0.204923 
0.205 
0.205077 
0.205154 
0.205231 
0.205308 
0.205385 
0.205462 
0.205538 
0.205615 
0.205692 
0.205769 
0.205846 
0.205923 
0.206 
0.206077 
0.206154 
0.206231 
0.206308 
0.206385 
0.206462 
0.206538 
0.206615 
0.206692 
0.206769 
0.206846 
0.206923 
0.207 
0.207077 
0.207154 
0.207231 
0.207308 
0.207385 
0.207462 
0.207538 
0.207615 
0.207692 
0.207769 
0.207846 
0.207923 
0.208 
0.208077 
0.208154 
0.208231 
0.208308 
0.208385 
0.208462 
0.208538 
0.208615 
0.208692 
0.208769 
0.208846 
0.208923 
0.209 
0.209077 
0.209154 
0.209231 
0.209308 
0.209385 
0.209462 
0.209538 
0.209615 
0.209692 
0.209769 
0.209846 
0.209923 
0.21 
0.210077 
0.210154 
0.210231 
0.210308 
0.210385 
0.210462 
0.210538 
0.210615 
0.210692 
0.210769 
0.210846 
0.210923 
0.211 
0.211077 
0.211154 
0.211231 
0.211308 
0.211385 
0.211462 
0.211538 
0.211615 
0.211692 
0.211769 
0.211846 
0.211923 
0.212 
0.212077 
0.212154 
0.212231 
0.212308 
0.212385 
0.212462 
0.212538 
0.212615 
0.212692 
0.212769 
0.212846 
0.212923 
0.213 
0.213077 
0.213154 
0.213231 
0.213308 
0.213385 
0.213462 
0.213538 
0.213615 
0.213692 
0.213769 
0.213846 
0.213923 
0.214 
0.214077 
0.214154 
0.214231 
0.214308 
0.214385 
