0 
0.000250564 
0.00133384 
0.00306707 
0.0048003 
0.00740015 
0.01 
0.0133333 
0.0166667 
0.02 
0.0233333 
0.0266667 
0.03 
0.035 
0.04 
0.045 
0.05 
0.055 
0.06 
0.065 
0.07 
0.075 
0.08 
0.085 
0.09 
0.095 
0.1 
0.105 
0.11 
0.115 
0.12 
0.125 
0.13 
0.135 
0.14 
0.145 
0.15 
0.155 
0.16 
0.165 
0.17 
0.175 
0.18 
0.185 
0.19 
0.195 
0.2 
0.205 
0.21 
0.215 
0.22 
0.225 
0.23 
0.235 
0.24 
0.245 
0.25 
0.255 
0.26 
0.265 
0.27 
0.275 
0.28 
0.285 
0.29 
0.295 
0.3 
0.305 
0.31 
0.315 
0.32 
0.325 
0.33 
0.335 
0.34 
0.345 
0.35 
0.355 
0.36 
0.365 
0.37 
0.375 
0.38 
0.385 
0.39 
0.395 
0.4 
0.405 
0.41 
0.415 
0.42 
0.425 
0.43 
0.435 
0.44 
0.445 
0.45 
0.455 
0.46 
0.465 
0.4675 
0.47 
0.473333 
0.476667 
0.48 
0.483333 
0.486667 
0.49 
0.493333 
0.496667 
0.5 
0.503333 
0.506667 
0.51 
0.513333 
0.516667 
0.52 
0.523333 
0.526667 
0.53 
0.533333 
0.536667 
0.54 
0.543333 
0.546667 
0.55 
0.553333 
0.556667 
0.56 
0.563333 
0.566667 
0.57 
0.573333 
0.576667 
0.58 
0.583333 
0.586667 
0.59 
0.593333 
0.596667 
0.6 
0.603333 
0.606667 
0.61 
0.613333 
0.616667 
0.62 
0.623333 
0.626667 
0.63 
0.633333 
0.636667 
0.64 
0.643333 
0.645556 
0.647778 
0.65 
0.6525 
0.655 
0.6575 
0.66 
0.6625 
0.665 
0.6675 
0.67 
0.6725 
0.675 
0.6775 
0.68 
0.6825 
0.685 
0.6875 
0.69 
0.6925 
0.695 
0.6975 
0.7 
0.7025 
0.705 
0.7075 
0.71 
0.7125 
0.715 
0.7175 
0.72 
0.7225 
0.725 
0.7275 
0.73 
0.7325 
0.735 
0.7375 
0.74 
0.7425 
0.745 
0.7475 
0.75 
0.7525 
0.755 
0.7575 
0.76 
0.7625 
0.765 
0.7675 
0.77 
0.7725 
0.775 
0.7775 
0.78 
0.7825 
0.785 
0.7875 
0.79 
0.7925 
0.795 
0.7975 
0.8 
0.8025 
0.805 
0.8075 
0.81 
0.8125 
0.815 
0.8175 
0.82 
0.8225 
0.825 
0.8275 
0.83 
0.8325 
0.835 
0.8375 
0.84 
0.8425 
0.845 
0.8475 
0.85 
0.8525 
0.855 
0.8575 
0.86 
0.8625 
0.865 
0.8675 
0.87 
0.8725 
0.875 
0.8775 
0.88 
0.8825 
0.885 
0.8875 
0.89 
0.8925 
0.895 
0.8975 
0.9 
0.9025 
0.905 
0.9075 
0.91 
0.9125 
0.915 
0.9175 
0.92 
0.9225 
0.925 
0.9275 
0.93 
0.9325 
0.935 
0.9375 
0.94 
0.9425 
0.945 
0.9475 
0.95 
0.9525 
0.955 
0.9575 
0.96 
0.9625 
0.965 
0.9675 
0.97 
0.9725 
0.975 
0.9775 
0.98 
0.9825 
0.985 
0.9875 
0.99 
0.9925 
0.995 
0.9975 
1 
1.0025 
1.005 
1.0075 
1.01 
1.0125 
1.015 
1.0175 
1.02 
1.0225 
1.025 
1.0275 
1.03 
1.0325 
1.035 
1.0375 
1.04 
1.0425 
1.045 
1.0475 
1.05 
1.0525 
1.055 
1.0575 
1.06 
1.0625 
1.065 
1.0675 
1.07 
1.0725 
1.075 
1.0775 
1.08 
1.0825 
1.085 
1.0875 
1.09 
1.0925 
1.095 
1.0975 
1.1 
1.1025 
1.105 
1.1075 
1.11 
1.1125 
1.115 
1.1175 
1.12 
1.1225 
1.125 
1.1275 
1.13 
1.1325 
1.135 
1.1375 
1.14 
1.1425 
1.145 
1.1475 
1.15 
1.1525 
1.155 
1.1575 
1.16 
1.1625 
1.165 
1.1675 
1.17 
1.1725 
1.175 
1.1775 
1.18 
1.1825 
1.185 
1.1875 
1.19 
1.1925 
1.195 
1.1975 
1.2 
1.20333 
1.20667 
1.21 
1.21333 
1.21667 
1.22 
1.22333 
1.22667 
1.23 
1.23333 
1.23667 
1.24 
1.24333 
1.24667 
1.25 
1.25333 
1.25667 
1.26 
1.26333 
1.26667 
1.27 
1.27333 
1.27667 
1.28 
1.28333 
1.28667 
1.29 
1.29333 
1.29667 
1.3 
1.30333 
1.30667 
1.31 
1.31333 
1.31667 
1.32 
1.32333 
1.32667 
1.33 
1.33333 
1.33667 
1.34 
1.34333 
1.34667 
1.35 
1.35333 
1.35667 
1.36 
1.36333 
1.36667 
1.37 
1.37333 
1.37667 
1.38 
1.38333 
1.38667 
1.39 
1.39333 
1.39667 
1.4 
1.40333 
1.40667 
1.41 
1.41333 
1.41667 
1.42 
1.42333 
1.42667 
1.43 
1.43333 
1.43667 
1.44 
1.44333 
1.44667 
1.45 
1.45333 
1.45667 
1.46 
1.46333 
1.46667 
1.47 
1.47333 
1.47667 
1.48 
1.48333 
1.48667 
1.49 
1.49333 
1.49667 
1.5 
1.50333 
1.50667 
1.51 
1.51333 
1.51667 
1.52 
1.52333 
1.52667 
1.53 
1.53333 
1.53667 
1.54 
1.54333 
1.54667 
1.55 
1.55333 
1.55667 
1.56 
1.56333 
1.56667 
1.57 
1.57333 
1.57667 
1.58 
1.58333 
1.58667 
1.59 
1.59333 
1.59667 
1.6 
1.60333 
1.60667 
1.61 
1.61333 
1.61667 
1.62 
1.62333 
1.62667 
1.63 
1.63333 
1.63667 
1.64 
1.64333 
1.64667 
1.65 
1.65333 
1.65667 
1.66 
1.66333 
1.66667 
1.67 
1.67333 
1.67667 
1.68 
1.68333 
1.68667 
1.69 
1.69333 
1.69667 
1.7 
1.70333 
1.70667 
1.71 
1.71333 
1.71667 
1.72 
1.72333 
1.72667 
1.73 
1.73333 
1.73667 
1.74 
1.74333 
1.74667 
1.75 
1.75333 
1.75667 
1.76 
1.76333 
1.76667 
1.77 
1.77333 
1.77667 
1.78 
1.78333 
1.78667 
1.79 
1.79333 
1.79667 
1.8 
1.80333 
1.80667 
1.81 
1.81333 
1.81667 
1.82 
1.82333 
1.82667 
1.83 
1.83333 
1.83667 
1.84 
1.84333 
1.84667 
1.85 
1.85333 
1.85667 
1.86 
1.865 
1.87 
1.875 
1.88 
1.885 
1.89 
1.895 
1.9 
1.905 
1.91 
1.915 
1.92 
1.925 
1.93 
1.935 
1.94 
1.945 
1.95 
1.955 
1.96 
1.965 
1.97 
1.975 
1.98 
1.985 
1.99 
1.995 
2 
2.005 
2.01 
2.015 
2.02 
2.025 
2.03 
2.035 
2.04 
2.045 
2.05 
2.055 
2.06 
2.065 
2.07 
2.075 
2.08 
2.085 
2.09 
2.095 
2.1 
2.105 
2.11 
2.115 
2.12 
2.125 
2.13 
2.135 
2.14 
2.145 
2.15 
2.155 
2.16 
2.165 
2.17 
2.175 
2.18 
2.185 
2.19 
2.195 
2.2 
2.205 
2.21 
2.215 
2.22 
2.225 
2.23 
2.235 
2.24 
2.245 
2.25 
2.255 
2.26 
2.265 
2.27 
2.275 
2.28 
2.285 
2.29 
2.295 
2.3 
2.305 
2.31 
2.315 
2.32 
2.325 
2.33 
2.335 
2.34 
2.345 
2.35 
2.355 
2.36 
2.365 
2.37 
2.375 
2.38 
2.385 
2.39 
2.395 
2.4 
2.405 
2.41 
2.415 
2.42 
2.425 
2.43 
2.435 
2.44 
2.445 
2.45 
2.455 
2.46 
2.465 
2.47 
2.475 
2.48 
2.485 
2.49 
2.495 
2.5 
2.505 
2.51 
2.515 
2.52 
2.525 
2.53 
2.535 
2.54 
2.545 
2.55 
2.555 
2.56 
2.565 
2.57 
2.575 
2.58 
2.585 
2.59 
2.595 
2.6 
2.605 
2.61 
2.615 
2.62 
2.625 
2.63 
2.635 
2.64 
2.645 
2.65 
2.655 
2.66 
2.665 
2.67 
2.675 
2.68 
2.685 
2.69 
2.695 
2.7 
2.705 
2.71 
2.715 
2.72 
2.725 
2.73 
2.735 
2.74 
2.745 
2.75 
2.755 
2.76 
2.765 
2.77 
2.775 
2.78 
2.785 
2.79 
2.795 
2.8 
2.805 
2.81 
2.815 
2.82 
2.825 
2.83 
2.835 
2.84 
2.845 
2.85 
2.855 
2.86 
2.865 
2.87 
2.875 
2.88 
2.885 
2.89 
2.895 
2.9 
2.905 
2.91 
2.915 
2.92 
2.925 
2.93 
2.935 
2.94 
2.945 
2.95 
2.955 
2.96 
2.965 
2.97 
2.975 
2.98 
2.985 
2.99 
2.995 
3 
3.005 
3.01 
3.015 
3.02 
3.025 
3.03 
3.035 
3.04 
3.045 
3.05 
3.055 
3.06 
3.065 
3.07 
3.075 
3.08 
3.085 
3.09 
3.095 
3.1 
3.105 
3.11 
3.115 
3.12 
3.125 
3.13 
3.135 
3.14 
3.145 
3.15 
3.155 
3.16 
3.165 
3.17 
3.175 
3.18 
3.185 
3.19 
3.195 
3.2 
3.205 
3.21 
3.215 
3.2175 
3.22 
3.22333 
3.22667 
3.23 
3.23333 
3.23667 
3.24 
3.24333 
3.24667 
3.25 
3.25333 
3.25667 
3.26 
3.26333 
3.26667 
3.27 
3.27333 
3.27667 
3.28 
3.28333 
3.28667 
3.29 
3.29333 
3.29667 
3.3 
3.30333 
3.30667 
3.31 
3.31333 
3.31667 
3.32 
3.32333 
3.32667 
3.33 
3.33333 
3.33667 
3.34 
3.34333 
3.34667 
3.35 
3.35333 
3.35667 
3.36 
3.36333 
3.36667 
3.37 
3.37333 
3.37667 
3.38 
3.38333 
3.38667 
3.39 
3.39333 
3.39667 
3.4 
3.40333 
3.40667 
3.41 
3.41333 
3.41667 
3.42 
3.42333 
3.42667 
3.43 
3.43333 
3.43667 
3.44 
3.44333 
3.44667 
3.45 
3.45333 
3.45667 
3.46 
3.46333 
3.46667 
3.47 
3.47333 
3.47667 
3.48 
3.48333 
3.48667 
3.49 
3.49333 
3.49667 
3.5 
3.50333 
3.50667 
3.51 
3.51333 
3.51667 
3.52 
3.52333 
3.52667 
3.53 
3.53333 
3.53667 
3.54 
3.54333 
3.54667 
3.55 
3.55333 
3.55667 
3.56 
3.56333 
3.56667 
3.57 
3.57333 
3.57667 
3.58 
3.58333 
3.58667 
3.59 
3.59333 
3.59667 
3.6 
3.60333 
3.60667 
3.61 
3.61333 
3.61667 
3.62 
3.62333 
3.62667 
3.63 
3.63333 
3.63667 
3.64 
3.64333 
3.64667 
3.65 
3.65333 
3.65667 
3.66 
3.66333 
3.66667 
3.67 
3.67333 
3.67667 
3.68 
3.68333 
3.68667 
3.69 
3.69333 
3.69667 
3.7 
3.70333 
3.70667 
3.71 
3.71333 
3.71667 
3.72 
3.72333 
3.72667 
3.73 
3.73333 
3.73667 
3.74 
3.74333 
3.74667 
3.75 
3.75333 
3.75667 
3.75833 
3.76 
3.7625 
3.765 
3.7675 
3.77 
3.7725 
3.775 
3.7775 
3.78 
3.7825 
3.785 
3.7875 
3.79 
3.7925 
3.795 
3.7975 
3.8 
3.8025 
3.805 
3.8075 
3.81 
3.8125 
3.815 
3.8175 
3.82 
3.8225 
3.825 
3.8275 
3.83 
3.8325 
3.835 
3.8375 
3.84 
3.8425 
3.845 
3.8475 
3.85 
3.8525 
3.855 
3.8575 
3.86 
3.8625 
3.865 
3.8675 
3.87 
3.8725 
3.875 
3.8775 
3.88 
3.8825 
3.885 
3.8875 
3.89 
3.8925 
3.895 
3.8975 
3.9 
3.9025 
3.905 
3.9075 
3.91 
3.9125 
3.915 
3.9175 
3.92 
3.9225 
3.925 
3.9275 
3.93 
3.9325 
3.935 
3.9375 
3.94 
3.9425 
3.945 
3.9475 
3.95 
3.9525 
3.955 
3.95667 
3.95833 
3.96 
3.962 
3.964 
3.966 
3.968 
3.97 
3.972 
3.974 
3.976 
3.978 
3.98 
3.982 
3.984 
3.986 
3.988 
3.99 
3.992 
3.994 
3.996 
3.998 
4 
4.002 
4.004 
4.006 
4.008 
4.009 
4.01 
4.012 
4.014 
4.016 
4.01733 
4.01867 
4.02 
4.02143 
4.02314 
4.02486 
4.02657 
4.02829 
4.03 
4.032 
4.034 
4.036 
4.038 
4.04 
4.042 
4.044 
4.046 
4.04733 
4.04867 
4.05 
4.05143 
4.05286 
4.05429 
4.05571 
4.05714 
4.05857 
4.06 
4.062 
4.064 
4.066 
4.06733 
4.06867 
4.07 
4.07167 
4.07333 
4.075 
4.07667 
4.07833 
4.07917 
4.08 
4.08167 
4.08333 
4.08467 
4.086 
4.08733 
4.08867 
4.09 
4.092 
4.094 
4.0952 
4.0968 
4.0984 
4.1 
4.10167 
4.10333 
4.105 
4.10667 
4.10833 
4.11 
4.11167 
4.11333 
4.115 
4.11667 
4.11833 
4.12 
4.12143 
4.12286 
4.12429 
4.12571 
4.12714 
4.12857 
4.13 
4.13167 
4.13306 
4.13444 
4.13583 
4.13722 
4.13861 
4.14 
4.14167 
4.14333 
4.14467 
4.146 
4.14733 
4.14867 
4.15 
4.152 
4.1536 
4.1552 
4.1568 
4.1584 
4.16 
4.162 
4.164 
4.166 
4.16733 
4.16867 
4.17 
4.17167 
4.17333 
4.175 
4.17667 
4.17833 
4.18 
4.182 
4.18333 
4.18467 
4.18644 
4.18822 
4.19 
4.192 
4.194 
4.196 
4.198 
4.199 
4.2 
4.20167 
4.20333 
4.205 
4.20667 
4.20833 
4.21 
4.212 
4.214 
4.216 
4.21733 
4.21867 
4.22 
4.22167 
4.22333 
4.225 
4.22667 
4.22833 
4.23 
4.232 
4.234 
4.236 
4.238 
4.24 
4.242 
4.244 
4.246 
4.248 
4.25 
4.2525 
4.255 
4.25625 
4.2575 
4.25875 
4.26 
4.26167 
4.26333 
4.265 
4.26667 
4.26833 
4.27 
4.2725 
4.275 
4.2775 
4.28 
4.2825 
4.285 
4.2875 
4.29 
4.2925 
4.295 
4.2975 
4.29875 
4.3 
4.302 
4.304 
4.306 
4.308 
4.31 
4.312 
4.314 
4.316 
4.318 
4.32 
4.3225 
4.325 
4.3275 
4.33 
4.3325 
4.335 
4.3375 
4.34 
4.3425 
4.345 
4.34667 
4.34833 
4.35 
4.3525 
4.355 
4.3575 
4.35875 
4.36 
4.362 
4.364 
4.366 
4.368 
4.37 
4.3725 
4.37437 
4.37625 
4.37812 
4.38 
4.3825 
4.385 
4.3875 
4.39 
4.3925 
4.395 
4.3975 
4.4 
4.4025 
4.405 
4.4075 
4.41 
4.4125 
4.41437 
4.41625 
4.41812 
4.42 
4.422 
4.424 
4.426 
4.42733 
4.42867 
4.43 
4.432 
4.434 
4.436 
4.438 
4.44 
4.4425 
4.445 
4.4475 
4.45 
4.4525 
4.455 
4.4575 
4.46 
4.4625 
4.465 
4.4675 
4.47 
4.4725 
4.475 
4.4775 
4.48 
4.48333 
4.48556 
4.48778 
4.49 
4.4925 
4.495 
4.4975 
4.5 
4.50333 
4.50556 
4.50778 
4.51 
4.5125 
4.515 
4.5175 
4.52 
4.52333 
4.52667 
4.52833 
4.53 
4.5325 
4.535 
4.5375 
4.54 
4.5425 
4.545 
4.5475 
4.55 
4.5525 
4.555 
4.5575 
4.56 
4.5625 
4.565 
4.5675 
4.57 
4.57333 
4.57667 
4.57833 
4.58 
4.5825 
4.585 
4.5875 
4.59 
4.59167 
4.59333 
4.595 
4.59667 
4.59833 
4.6 
4.6025 
4.605 
4.6075 
4.61 
4.6125 
4.615 
4.6175 
4.62 
4.62333 
4.62556 
4.62778 
4.63 
4.63333 
4.63556 
4.63778 
4.64 
4.64333 
4.64667 
4.64833 
4.65 
4.6525 
4.655 
4.6575 
4.66 
4.6625 
4.665 
4.6675 
4.67 
4.6725 
4.675 
4.6775 
4.68 
4.68333 
4.68667 
4.68833 
4.69 
4.6925 
4.695 
4.6975 
4.7 
4.70333 
4.70556 
4.70778 
4.71 
4.7125 
4.715 
4.7175 
4.72 
4.7225 
4.725 
4.7275 
4.73 
4.73333 
4.73667 
4.73833 
4.74 
4.74333 
4.74556 
4.74778 
4.75 
4.75333 
4.75667 
4.76 
4.76333 
4.76667 
4.77 
4.7725 
4.775 
4.7775 
4.78 
4.78333 
4.78667 
4.78833 
4.79 
4.79333 
4.79667 
4.8 
4.80333 
4.80667 
4.81 
4.81333 
4.81667 
4.81833 
4.82 
4.82333 
4.82556 
4.82778 
4.83 
4.83333 
4.83667 
4.83833 
4.84 
4.84333 
4.84667 
4.85 
4.85333 
4.85556 
4.85778 
4.86 
4.86333 
4.86667 
4.87 
4.8725 
4.875 
4.8775 
4.88 
4.88333 
4.88667 
4.89 
4.89333 
4.89667 
4.9 
4.90333 
4.90667 
4.91 
4.91333 
4.91667 
4.92 
4.9225 
4.925 
4.9275 
4.93 
4.9325 
4.935 
4.9375 
4.94 
4.94333 
4.94667 
4.95 
4.95333 
4.95556 
4.95778 
4.96 
4.96333 
4.96667 
4.97 
4.9725 
4.975 
4.9775 
4.98 
4.9825 
4.985 
4.9875 
4.99 
4.99333 
4.99556 
4.99778 
5 
i = 1569 t = 5

# Quadtree, 1569 steps, 354.818 CPU, 307.9 real, 3.87e+04 points.step/s, 27 var
