2 0 -0.999995 0.999995
2 0.0233333 -0.999688 1.00052
2 0.07 -0.995943 1.00448
2 0.12 -0.987609 1.01323
3 0.17 -0.975242 1.0264
2 0.22 -0.955472 1.04371
2 0.27 -0.93144 1.06472
2 0.32 -0.901659 1.08902
2 0.37 -0.86526 1.11642
2 0.42 -0.822025 1.14633
2 0.4675 -0.774273 1.17688
2 0.5 -0.737464 1.19882
2 0.533333 -0.695902 1.22207
3 0.566667 -0.650172 1.24607
2 0.6 -0.600547 1.27063
2 0.633333 -0.546387 1.29569
2 0.66 -0.499863 1.31608
3 0.685 -0.459375 1.33535
2 0.71 -0.405084 1.35483
2 0.735 -0.354001 1.37442
2 0.76 -0.300785 1.39416
2 0.785 -0.245882 1.41404
3 0.81 -0.19375 1.43405
3 0.835 -0.13125 1.45413
2 0.86 -0.0720881 1.47424
3 0.885 -0.021875 1.49441
4 0.91 0.025 1.51465
2 0.935 0.108343 1.53495
3 0.96 0.165625 1.55528
2 0.985 0.22976 1.57567
2 1.01 0.290194 1.59611
2 1.035 0.350044 1.61657
2 1.06 0.409735 1.63705
2 1.085 0.468767 1.65741
2 1.11 0.52714 1.67804
2 1.135 0.584862 1.6987
2 1.16 0.642094 1.71935
2 1.185 0.698297 1.74002
2 1.21333 0.761381 1.76338
3 1.24667 0.834501 1.79087
2 1.28 0.905882 1.81838
2 1.31333 0.97627 1.84584
2 1.34667 1.04547 1.87352
2 1.38 1.11325 1.90124
2 1.41333 1.17984 1.92895
2 1.44667 1.24494 1.95671
2 1.48 1.3091 1.98445
3 1.51333 1.37204 2.01218
2 1.54667 1.43381 2.03993
3 1.58 1.49375 2.0678
2 1.61333 1.55407 2.09569
2 1.64667 1.61227 2.12357
3 1.68 1.66929 2.15143
2 1.71333 1.72498 2.17938
2 1.74667 1.77969 2.20741
2 1.78 1.83328 2.23544
2 1.81333 1.88572 2.26338
2 1.84667 1.93694 2.29153
2 1.89 2.00208 2.32816
2 1.94 2.07486 2.37056
2 1.99 2.14499 2.41305
3 2.04 2.2125 2.45573
3 2.09 2.275 2.49853
4 2.14 2.3375 2.54151
2 2.19 2.40103 2.58455
2 2.24 2.45892 2.6277
2 2.29 2.51443 2.67086
2 2.34 2.56757 2.71407
2 2.39 2.61872 2.75736
2 2.44 2.66713 2.80059
2 2.49 2.71305 2.8437
2 2.54 2.75674 2.88672
2 2.59 2.79852 2.92956
3 2.64 2.8375 2.97224
2 2.69 2.8766 3.01487
3 2.74 2.91314 3.05742
4 2.79 2.94802 3.09989
5 2.84 2.97812 3.14242
6 2.89 3.01321 3.18499
5 2.94 3.04359 3.22756
4 2.99 3.07263 3.27033
3 3.04 3.10016 3.31317
2 3.09 3.12649 3.35606
2 3.14 3.15164 3.39919
2 3.19 3.17558 3.44232
2 3.23 3.19403 3.47693
2 3.26333 3.20897 3.50581
2 3.29667 3.22352 3.53484
2 3.33 3.23775 3.56384
2 3.36333 3.2517 3.59289
2 3.39667 3.26542 3.62194
2 3.43 3.27892 3.65114
2 3.46333 3.29227 3.68032
3 3.49667 3.30551 3.70956
3 3.53 3.31873 3.73881
3 3.56333 3.33197 3.76806
3 3.59667 3.34523 3.79742
3 3.63 3.35859 3.82679
3 3.66333 3.37213 3.8562
3 3.69667 3.38587 3.88544
3 3.73 3.39986 3.91488
3 3.76 3.41269 3.94137
4 3.785 3.42362 3.96344
3 3.81 3.43474 3.98562
3 3.835 3.44608 4.00775
3 3.86 3.45764 4.02996
3 3.885 3.46943 4.05212
3 3.91 3.48151 4.07424
3 3.935 3.49387 4.09633
3 3.95833 3.50568 4.11702
3 3.978 3.5159 4.13445
3 3.998 3.52651 4.15213
3 4.016 3.53627 4.16804
3 4.032 3.54514 4.18214
5 4.05 3.55529 4.19793
4 4.066 3.56452 4.21198
4 4.08 3.57269 4.22431
4 4.0952 3.58169 4.23762
3 4.11167 3.59157 4.25206
4 4.12714 3.60101 4.26558
4 4.14167 3.60999 4.27825
5 4.1568 3.61875 4.29152
4 4.17333 3.62998 4.30595
4 4.19 3.64073 4.32053
4 4.20667 3.65164 4.33507
4 4.22333 3.66263 4.34957
4 4.242 3.67514 4.36586
4 4.26 3.68736 4.38154
4 4.28 3.70115 4.39896
4 4.302 3.7165 4.4182
4 4.3225 3.73101 4.43609
4 4.34667 3.74835 4.45713
4 4.366 3.76242 4.47402
4 4.3875 3.77825 4.49278
4 4.4125 3.79689 4.5146
4 4.43 3.8101 4.52994
4 4.4525 3.82727 4.54966
4 4.4775 3.84656 4.57145
4 4.50333 3.86675 4.59414
4 4.52833 3.88651 4.61608
4 4.5525 3.90583 4.63735
4 4.57833 3.92669 4.66007
4 4.59833 3.94301 4.67772
5 4.62333 3.9636 4.69977
4 4.64833 3.98439 4.72183
4 4.6725 4.00465 4.74323
3 4.6975 4.02585 4.7654
3 4.7225 4.04715 4.78759
3 4.74778 4.06887 4.8101
2 4.7775 4.09454 4.83662
2 4.80667 4.12003 4.86275
3 4.83333 4.14354 4.88662
2 4.86 4.16724 4.9105
2 4.89 4.19408 4.9375
2 4.9225 4.22333 4.96685
2 4.95 4.24831 4.99185
2 4.9775 4.27337 5.01687
