2 0 -1 1
4 0.0029238 -1.00031 1
2 0.00763636 -1.00097 1.00094
2 0.0132 -1.00175 1.0017
2 0.0193333 -1.00275 1.00265
2 0.026 -1.00396 1.00383
2 0.0326667 -1.00515 1.00499
2 0.0393333 -1.00632 1.00613
2 0.046 -1.00747 1.00726
2 0.0526667 -1.00859 1.00838
2 0.0593333 -1.0097 1.00948
2 0.066 -1.01077 1.01055
2 0.0726667 -1.01184 1.01161
2 0.0793333 -1.01288 1.01266
2 0.086 -1.01392 1.0137
2 0.0926667 -1.01495 1.01472
2 0.0993333 -1.01596 1.01574
2 0.106 -1.01696 1.01675
2 0.112667 -1.01795 1.01775
2 0.119333 -1.01893 1.01874
2 0.126 -1.0199 1.01972
2 0.132667 -1.02087 1.0207
2 0.139333 -1.02182 1.02167
2 0.146 -1.02277 1.02262
2 0.152667 -1.0237 1.02357
2 0.159333 -1.02463 1.02451
2 0.166 -1.02555 1.02545
2 0.172667 -1.02647 1.02638
2 0.179333 -1.02738 1.0273
2 0.186 -1.02827 1.02822
2 0.192667 -1.02915 1.02911
2 0.199333 -1.03002 1.02999
2 0.206 -1.03085 1.03084
4 0.212667 -1.03159 1.03125
2 0.219333 -1.03235 1.03238
2 0.226 -1.03316 1.03322
2 0.232667 -1.034 1.03409
2 0.239333 -1.03483 1.03494
2 0.246 -1.03566 1.0358
2 0.252667 -1.03649 1.03665
2 0.259333 -1.03731 1.03749
2 0.266 -1.03812 1.03834
2 0.272667 -1.03892 1.03917
2 0.279333 -1.03972 1.04
2 0.286 -1.0405 1.04081
2 0.292667 -1.04128 1.04162
2 0.299333 -1.04206 1.04243
2 0.306 -1.04283 1.04323
2 0.312667 -1.0436 1.04402
2 0.319333 -1.04436 1.04482
2 0.326 -1.04512 1.0456
2 0.332667 -1.04587 1.04638
2 0.339333 -1.04662 1.04715
2 0.346 -1.04736 1.04792
2 0.352667 -1.04809 1.04869
2 0.359333 -1.04883 1.04945
2 0.366 -1.04955 1.05021
2 0.372667 -1.05028 1.05096
2 0.379333 -1.051 1.05171
2 0.386 -1.05172 1.05246
2 0.392667 -1.05243 1.0532
2 0.399333 -1.05314 1.05394
2 0.406 -1.05385 1.05467
2 0.412667 -1.05455 1.0554
2 0.419333 -1.05525 1.05613
2 0.426 -1.05594 1.05685
2 0.432667 -1.05663 1.05756
2 0.439333 -1.05731 1.05828
2 0.446 -1.05799 1.05898
2 0.452667 -1.05866 1.05968
2 0.459333 -1.05933 1.06037
2 0.466 -1.05999 1.06105
2 0.472667 -1.06065 1.06172
2 0.479333 -1.06129 1.06236
2 0.486 -1.06192 1.06296
3 0.492667 -1.06251 1.06363
2 0.499333 -1.06308 1.06431
2 0.506 -1.06372 1.06499
2 0.512667 -1.06435 1.06568
2 0.519333 -1.06499 1.06636
2 0.526 -1.06563 1.06704
2 0.532667 -1.06628 1.06773
2 0.539333 -1.06692 1.06841
2 0.546 -1.06757 1.06909
2 0.552667 -1.06821 1.06976
2 0.559333 -1.06885 1.07044
2 0.566 -1.06949 1.0711
2 0.572667 -1.07012 1.07177
2 0.579333 -1.07075 1.07244
2 0.586 -1.07138 1.0731
2 0.592667 -1.07201 1.07376
2 0.599333 -1.07264 1.07443
2 0.606 -1.07326 1.07508
2 0.612667 -1.07389 1.07574
2 0.619333 -1.07452 1.0764
2 0.626 -1.07514 1.07705
2 0.632667 -1.07576 1.0777
2 0.639333 -1.07638 1.07835
2 0.646 -1.07699 1.07899
2 0.652667 -1.07761 1.07964
2 0.659333 -1.07822 1.08028
2 0.666 -1.07882 1.08092
2 0.672667 -1.07942 1.08155
2 0.679333 -1.08002 1.08219
2 0.686 -1.08063 1.08282
2 0.692667 -1.08123 1.08346
2 0.699333 -1.08182 1.08409
2 0.706 -1.08242 1.08472
2 0.712667 -1.08302 1.08535
2 0.719333 -1.08362 1.08597
2 0.726 -1.08421 1.08659
2 0.732667 -1.0848 1.08722
2 0.739333 -1.08539 1.08784
2 0.746 -1.08598 1.08845
2 0.752667 -1.08657 1.08907
2 0.759333 -1.08715 1.08968
2 0.766 -1.08773 1.09029
2 0.772667 -1.08831 1.09089
2 0.779333 -1.08889 1.0915
2 0.786 -1.08946 1.0921
2 0.792667 -1.09004 1.09269
2 0.799333 -1.09061 1.09328
3 0.806 -1.09118 1.09375
2 0.812667 -1.09174 1.09442
2 0.819333 -1.0923 1.09503
2 0.826 -1.09285 1.09563
2 0.832667 -1.0934 1.09623
3 0.839333 -1.09392 1.09683
2 0.846 -1.09445 1.09742
2 0.852667 -1.09501 1.09801
2 0.859333 -1.09556 1.0986
2 0.866 -1.0961 1.09918
2 0.872667 -1.09665 1.09977
2 0.879333 -1.0972 1.10035
2 0.886 -1.09774 1.10093
2 0.892667 -1.09828 1.10151
2 0.899333 -1.09883 1.10209
2 0.906 -1.09937 1.10267
2 0.912667 -1.09991 1.10324
2 0.919333 -1.10046 1.10382
2 0.926 -1.101 1.1044
2 0.932667 -1.10154 1.10497
2 0.939333 -1.10208 1.10554
2 0.946 -1.10262 1.10612
2 0.952667 -1.10316 1.10669
2 0.959333 -1.1037 1.10726
2 0.966 -1.10424 1.10783
2 0.972667 -1.10478 1.10839
2 0.979333 -1.10531 1.10896
2 0.986 -1.10585 1.10952
2 0.992667 -1.10638 1.11009
2 0.999333 -1.10692 1.11065
2 1.006 -1.1066 1.11189
2 1.01267 -1.1