1 0 1 1
2 0.000375763 1 1
2 0.00105339 1 1
2 0.00182813 1 1
2 0.00260938 1 1
1 0.00342857 1.00005 1.00005
1 0.00428571 1.00008 1.00008
1 0.00514286 1.00012 1.00012
1 0.006 1.00017 1.00017
1 0.00685714 1.00022 1.00022
1 0.00771429 1.00028 1.00028
1 0.00857143 1.00035 1.00035
1 0.00942857 1.00043 1.00043
1 0.0102857 1.00051 1.00051
1 0.0111429 1.0006 1.0006
1 0.012 1.00069 1.00069
1 0.0128571 1.0008 1.0008
1 0.0137143 1.00091 1.00091
1 0.0145714 1.00103 1.00103
1 0.0154286 1.00115 1.00115
1 0.0162857 1.00129 1.00129
1 0.0171429 1.00143 1.00143
1 0.018 1.00158 1.00158
1 0.0188571 1.00173 1.00173
1 0.0197143 1.0019 1.0019
1 0.0205714 1.00207 1.00207
1 0.0214286 1.00224 1.00224
1 0.0222857 1.00243 1.00243
1 0.0231429 1.00262 1.00262
1 0.024 1.00282 1.00282
1 0.0248571 1.00302 1.00302
1 0.0257143 1.00324 1.00324
1 0.0265714 1.00346 1.00346
1 0.0274286 1.00368 1.00368
1 0.0282857 1.00392 1.00392
1 0.0291429 1.00416 1.00416
1 0.03 1.0044 1.0044
1 0.0308571 1.00466 1.00466
1 0.0317143 1.00492 1.00492
1 0.0325714 1.00519 1.00519
1 0.0334286 1.00546 1.00546
1 0.0342857 1.00574 1.00574
1 0.0351429 1.00603 1.00603
1 0.036 1.00632 1.00632
1 0.0368571 1.00662 1.00662
1 0.0377143 1.00692 1.00692
1 0.0385714 1.00723 1.00723
1 0.0394286 1.00755 1.00755
1 0.0402857 1.00787 1.00787
1 0.0411429 1.00821 1.00821
1 0.042 1.00854 1.00854
1 0.0428571 1.00888 1.00888
1 0.0437143 1.00923 1.00923
1 0.0445714 1.00958 1.00958
1 0.0454286 1.00994 1.00994
1 0.0462857 1.01031 1.01031
1 0.0471429 1.01068 1.01068
1 0.048 1.01105 1.01105
1 0.0488571 1.01144 1.01144
1 0.0497143 1.01182 1.01182
1 0.0505714 1.01221 1.01221
1 0.0514286 1.01261 1.01261
1 0.0522857 1.01301 1.01301
1 0.0531429 1.01342 1.01342
1 0.054 1.01383 1.01383
1 0.0548571 1.01425 1.01425
1 0.0557143 1.01467 1.01467
1 0.0565714 1.0151 1.0151
1 0.0574286 1.01553 1.01553
1 0.0582857 1.01596 1.01596
1 0.0591429 1.01641 1.01641
1 0.06 1.01686 1.01686
1 0.0608571 1.01731 1.01731
1 0.0617143 1.01776 1.01776
1 0.0625714 1.01823 1.01823
1 0.0634286 1.01869 1.01869
1 0.0642857 1.01916 1.01916
1 0.0651429 1.01963 1.01963
1 0.066 1.02011 1.02011
1 0.0668571 1.0206 1.0206
1 0.0677143 1.02109 1.02109
1 0.0685714 1.02158 1.02158
1 0.0694286 1.02208 1.02208
1 0.0702857 1.02258 1.02258
1 0.0711429 1.02308 1.02308
1 0.072 1.02359 1.02359
1 0.0728571 1.02411 1.02411
1 0.0737143 1.02462 1.02462
1 0.0745714 1.02515 1.02515
1 0.0754286 1.02567 1.02567
1 0.0762857 1.02621 1.02621
1 0.0771429 1.02674 1.02674
1 0.078 1.02728 1.02728
1 0.0788571 1.02783 1.02783
1 0.0797143 1.02838 1.02838
1 0.0805714 1.02893 1.02893
1 0.0814286 1.02948 1.02948
1 0.0822857 1.03004 1.03004
1 0.0831429 1.03061 1.03061
1 0.084 1.03117 1.03117
1 0.0848571 1.03174 1.03174
1 0.0857143 1.03232 1.03232
1 0.0865714 1.0329 1.0329
1 0.0874286 1.03348 1.03348
1 0.0882857 1.03407 1.03407
1 0.0891429 1.03466 1.03466
1 0.09 1.03525 1.03525
1 0.0908571 1.03585 1.03585
1 0.0917143 1.03645 1.03645
1 0.0925714 1.03705 1.03705
1 0.0934286 1.03766 1.03766
1 0.0942857 1.03827 1.03827
1 0.0951429 1.03888 1.03888
1 0.096 1.0395 1.0395
1 0.0968571 1.04012 1.04012
1 0.0977143 1.04075 1.04075
1 0.0985714 1.04138 1.04138
1 0.0994286 1.04201 1.04201
1 0.100286 1.04265 1.04265
1 0.101143 1.04329 1.04329
1 0.102 1.04393 1.04393
1 0.102857 1.04458 1.04458
1 0.103714 1.04523 1.04523
1 0.104571 1.04588 1.04588
1 0.105429 1.04653 1.04653
1 0.106286 1.04719 1.04719
1 0.107143 1.04786 1.04786
1 0.108 1.04853 1.04853
1 0.108857 1.0492 1.0492
1 0.109714 1.04987 1.04987
1 0.110571 1.05054 1.05054
1 0.111429 1.05122 1.05122
1 0.112286 1.0519 1.0519
1 0.113143 1.05259 1.05259
1 0.114 1.05328 1.05328
1 0.114857 1.05397 1.05397
1 0.115714 1.05466 1.05466
1 0.116571 1.05536 1.05536
1 0.117429 1.05606 1.05606
1 0.118286 1.05677 1.05677
1 0.119143 1.05748 1.05748
1 0.12 1.05819 1.05819
1 0.120857 1.0589 1.0589
1 0.121714 1.05962 1.05962
1 0.122571 1.06034 1.06034
1 0.123429 1.06106 1.06106
1 0.124286 1.06178 1.06178
2 0.125143 1.0625 1.0625
1 0.126 1.06323 1.06323
1 0.126857 1.06397 1.06397
1 0.127714 1.06471 1.06471
1 0.128571 1.06545 1.06545
1 0.129429 1.06618 1.06618
1 0.130286 1.06693 1.06693
1 0.131143 1.06767 1.06767
1 0.132 1.06842 1.06842
1 0.132857 1.06916 1.06916
1 0.133714 1.06991 1.06991
1 0.134571 1.07067 1.07067
1 0.135429 1.07143 1.07143
1 0.136286 1.07219 1.07219
1 0.137143 1.07295 1.07295
1 0.138 1.07371 1.07371
1 0.138857 1.07448 1.07448
1 0.139714 1.07525 1.07525
1 0.140571 1.07602 1.07602
1 0.141429 1.07679 1.07679
1 0.142286 1.07756 1.07756
1 0.143143 1.07834 1.07834
1 0.144 1.07912 1.07912
1 0.144857 1.0799 1.0799
1 0.145714 1.08068 1.08068
1 0.146571 1.08147 1.08147
1 0.147429 1.08225 1.08225
1 0.148286 1.08304 1.08304
1 0.149143 1.08383 1.08383
1 0.15 1.08462 1.08462
1 0.150857 1.08541 1.08541
1 0.151714 1.08621 1.08621
1 0.152571 1.08701 1.08701
1 0.153429 1.0878 1.0878
1 0.154286 1.08861 1.08861
1 0.155143 1.08941 1.08941
1 0.156 1.09022 1.09022
1 0.156857 1.09102 1.09102
1 0.157714 1.09183 1.09183
1 0.158571 1.09264 1.09264
1 0.159429 1.09345 1.09345
1 0.160286 1.09425 1.09425
1 0.161143 1.09507 1.09507
1 0.162 1.09589 1.09589
1 0.162857 1.0967 1.0967
1 0.163714 1.09751 1.09751
1 0.164571 1.09833 1.09833
1 0.165429 1.09915 1.09915
1 0.166286 1.09997 1.09997
1 0.167143 1.10078 1.10078
2 0.168 1.10156 1.1016
1 0.168857 1.10243 1.10243
1 0.169714 1.10325 1.10325
1 0.170571 1.10407 1.10407
1 0.171429 1.1049 1.1049
1 0.172286 1.10573 1.10573
1 0.173143 1.10655 1.10655
1 0.174 1.10738 1.10738
1 0.174857 1.10821 1.10821
1 0.175714 1.10904 1.10904
1 0.176571 1.10986 1.10986
1 0.177429 1.1107 1.1107
1 0.178286 1.11153 1.11153
1 0.179143 1.11236 1.11236
1 0.18 1.11319 1.11319
1 0.180857 1.11402 1.11402
1 0.181714 1.11485 1.11485
1 0.182571 1.11569 1.11569
1 0.183429 1.11652 1.11652
1 0.184286 1.11735 1.11735
1 0.185143 1.11819 1.11819
1 0.186 1.11902 1.11902
1 0.186857 1.11986 1.11986
1 0.187714 1.12069 1.12069
1 0.188571 1.12153 1.12153
1 0.189429 1.12237 1.12237
1 0.190286 1.1232 1.1232
1 0.191143 1.12404 1.12404
1 0.192 1.12487 1.12487
1 0.192857 1.1257 1.1257
1 0.193714 1.12654 1.12654
1 0.194571 1.12738 1.12738
1 0.195429 1.12821 1.12821
1 0.196286 1.12904 1.12904
1 0.197143 1.12988 1.12988
1 0.198 1.13071 1.13071
1 0.198857 1.13154 1.13154
1 0.199714 1.13237 1.13237
1 0.200571 1.1332 1.1332
1 0.201429 1.13404 1.13404
1 0.202286 1.13487 1.13487
1 0.203143 1.1357 1.1357
1 0.204 1.13654 1.13654
1 0.204857 1.13737 1.13737
1 0.205714 1.13819 1.13819
1 0.206571 1.13902 1.13902
1 0.207429 1.13985 1.13985
2 0.208286 1.14062 1.14068
1 0.209143 1.1415 1.1415
1 0.21 1.14233 1.14233
1 0.210857 1.14316 1.14316
1 0.211714 1.14398 1.14398
1 0.212571 1.1448 1.1448
1 0.213429 1.14562 1.14562
1 0.214286 1.14645 1.14645
1 0.215143 1.14727 1.14727
1 0.216 1.14809 1.14809
1 0.216857 1.1489 1.1489
1 0.217714 1.14972 1.14972
1 0.218571 1.15054 1.15054
1 0.219429 1.15136 1.15136
1 0.220286 1.15217 1.15217
1 0.221143 1.15299 1.15299
1 0.222 1.1538 1.1538
1 0.222857 1.15462 1.15462
1 0.223714 1.15543 1.15543
1 0.224571 1.15623 1.15623
1 0.225429 1.15704 1.15704
1 0.226286 1.15785 1.15785
1 0.227143 1.15866 1.15866
1 0.228 1.15946 1.15946
1 0.228857 1.16026 1.16026
1 0.229714 1.16106 1.16106
1 0.230571 1.16186 1.16186
1 0.231429 1.16266 1.16266
1 0.232286 1.16346 1.16346
1 0.233143 1.16425 1.16425
1 0.234 1.16505 1.16505
1 0.234857 1.16584 1.16584
1 0.235714 1.16663 1.16663
1 0.236571 1.16742 1.16742
1 0.237429 1.16821 1.16821
1 0.238286 1.16899 1.16899
1 0.239143 1.16978 1.16978
1 0.24 1.17056 1.17056
1 0.240857 1.17134 1.17134
1 0.241714 1.17212 1.17212
1 0.242571 1.1729 1.1729
1 0.243429 1.17368 1.17368
1 0.244286 1.17445 1.17445
1 0.245143 1.17523 1.17523
1 0.246 1.176 1.176
1 0.246857 1.17676 1.17676
1 0.247714 1.17753 1.17753
1 0.248571 1.1783 1.1783
1 0.249429 1.17906 1.17906
1 0.250286 1.17982 1.17982
1 0.251143 1.18058 1.18058
1 0.252 1.18134 1.18134
1 0.252857 1.1821 1.1821
1 0.253714 1.18286 1.18286
1 0.254571 1.18361 1.18361
1 0.255429 1.18437 1.18437
1 0.256286 1.18511 1.18511
1 0.257143 1.18586 1.18586
1 0.258 1.18661 1.18661
1 0.258857 1.18735 1.18735
1 0.259714 1.18809 1.18809
1 0.260571 1.18883 1.18883
1 0.261429 1.18957 1.18957
1 0.262286 1.19031 1.19031
1 0.263143 1.19104 1.19104
1 0.264 1.19177 1.19177
1 0.264857 1.1925 1.1925
1 0.265714 1.19322 1.19322
1 0.266571 1.19395 1.19395
1 0.267429 1.19467 1.19467
2 0.268286 1.19531 1.19539
1 0.269143 1.19611 1.19611
1 0.27 1.19682 1.19682
1 0.270857 1.19754 1.19754
1 0.271714 1.19825 1.19825
1 0.272571 1.19896 1.19896
1 0.273429 1.19967 1.19967
1 0.274286 1.20037 1.20037
1 0.275143 1.20107 1.20107
1 0.276 1.20177 1.20177
1 0.276857 1.20247 1.20247
1 0.277714 1.20317 1.20317
1 0.278571 1.20386 1.20386
1 0.279429 1.20455 1.20455
1 0.280286 1.20525 1.20525
1 0.281143 1.20593 1.20593
1 0.282 1.20662 1.20662
1 0.282857 1.2073 1.2073
1 0.283714 1.20798 1.20798
1 0.284571 1.20866 1.20866
1 0.285429 1.20933 1.20933
1 0.286286 1.21001 1.21001
1 0.287143 1.21068 1.21068
1 0.288 1.21135 1.21135
1 0.288857 1.21201 1.21201
1 0.289714 1.21268 1.21268
1 0.290571 1.21334 1.21334
1 0.291429 1.214 1.214
1 0.292286 1.21466 1.21466
1 0.293143 1.21532 1.21532
1 0.294 1.21597 1.21597
1 0.294857 1.21663 1.21663
1 0.295714 1.21728 1.21728
1 0.296571 1.21792 1.21792
1 0.297429 1.21857 1.21857
1 0.298286 1.2192 1.2192
1 0.299143 1.21985 1.21985
1 0.3 1.22049 1.22049
1 0.300857 1.22112 1.22112
1 0.301714 1.22176 1.22176
1 0.302571 1.22239 1.22239
1 0.303429 1.22301 1.22301
1 0.304286 1.22364 1.22364
1 0.305143 1.22426 1.22426
1 0.306 1.22488 1.22488
1 0.306857 1.2255 1.2255
1 0.307714 1.22612 1.22612
1 0.308571 1.22673 1.22673
1 0.309429 1.22734 1.22734
1 0.310286 1.22795 1.22795
1 0.311143 1.22856 1.22856
1 0.312 1.22917 1.22917
1 0.312857 1.22977 1.22977
1 0.313714 1.23037 1.23037
1 0.314571 1.23097 1.23097
1 0.315429 1.23157 1.23157
1 0.316286 1.23216 1.23216
1 0.317143 1.23275 1.23275
1 0.318 1.23334 1.23334
1 0.318857 1.23393 1.23393
1 0.319714 1.23451 1.23451
1 0.320571 1.2351 1.2351
1 0.321429 1.23568 1.23568
1 0.322286 1.23626 1.23626
1 0.323143 1.23684 1.23684
1 0.324 1.23741 1.23741
1 0.324857 1.23798 1.23798
1 0.325714 1.23855 1.23855
1 0.326571 1.23912 1.23912
1 0.327429 1.23969 1.23969
1 0.328286 1.24025 1.24025
1 0.329143 1.24081 1.24081
1 0.33 1.24137 1.24137
1 0.330857 1.24193 1.24193
1 0.331714 1.24248 1.24248
1 0.332571 1.24303 1.24303
1 0.333429 1.24358 1.24358
1 0.334286 1.24413 1.24413
1 0.335143 1.24468 1.24468
1 0.336 1.24522 1.24522
1 0.336857 1.24577 1.24577
1 0.337714 1.24631 1.24631
1 0.338571 1.24684 1.24684
1 0.339429 1.24738 1.24738
1 0.340286 1.24791 1.24791
1 0.341143 1.24844 1.24844
1 0.342 1.24897 1.24897
1 0.342857 1.2495 1.2495
2 0.343714 1.25 1.25
1 0.344571 1.25054 1.25054
1 0.345429 1.25107 1.25107
1 0.346286 1.25159 1.25159
1 0.347143 1.2521 1.2521
1 0.348 1.25262 1.25262
1 0.348857 1.25313 1.25313
1 0.349714 1.25364 1.25364
1 0.350571 1.25414 1.25414
1 0.351429 1.25465 1.25465
1 0.352286 1.25515 1.25515
1 0.353143 1.25565 1.25565
1 0.354 1.25615 1.25615
1 0.354857 1.25665 1.25665
1 0.355714 1.25714 1.25714
1 0.356571 1.25763 1.25763
1 0.357429 1.25813 1.25813
1 0.358286 1.25862 1.25862
1 0.359143 1.25911 1.25911
1 0.36 1.25959 1.25959
1 0.360857 1.26008 1.26008
1 0.361714 1.26056 1.26056
1 0.362571 1.26104 1.26104
1 0.363429 1.26151 1.26151
1 0.364286 1.26199 1.26199
1 0.365143 1.26246 1.26246
1 0.366 1.26294 1.26294
1 0.366857 1.26341 1.26341
1 0.367714 1.26387 1.26387
1 0.368571 1.26434 1.26434
1 0.369429 1.2648 1.2648
1 0.370286 1.26526 1.26526
1 0.371143 1.26572 1.26572
1 0.372 1.26618 1.26618
1 0.372857 1.26664 1.26664
1 0.373714 1.26709 1.26709
1 0.374571 1.26755 1.26755
1 0.375429 1.268 1.268
1 0.376286 1.26845 1.26845
1 0.377143 1.26889 1.26889
1 0.378 1.26934 1.26934
1 0.378857 1.26978 1.26978
1 0.379714 1.27022 1.27022
1 0.380571 1.27066 1.27066
1 0.381429 1.2711 1.2711
1 0.382286 1.27153 1.27153
1 0.383143 1.27197 1.27197
1 0.384 1.2724 1.2724
1 0.384857 1.27283 1.27283
1 0.385714 1.27326 1.27326
1 0.386571 1.27369 1.27369
1 0.387429 1.27411 1.27411
1 0.388286 1.27453 1.27453
1 0.389143 1.27495 1.27495
1 0.39 1.27537 1.27537
1 0.390857 1.27579 1.27579
1 0.391714 1.27621 1.27621
1 0.392571 1.27663 1.27663
1 0.393429 1.27704 1.27704
1 0.394286 1.27745 1.27745
1 0.395143 1.27786 1.27786
1 0.396 1.27827 1.27827
1 0.396857 1.27867 1.27867
1 0.397714 1.27908 1.27908
1 0.398571 1.27948 1.27948
1 0.399429 1.27988 1.27988
1 0.400286 1.28028 1.28028
1 0.401143 1.28068 1.28068
1 0.402 1.28107 1.28107
1 0.402857 1.28146 1.28146
1 0.403714 1.28185 1.28185
1 0.404571 1.28225 1.28225
1 0.405429 1.28264 1.28264
1 0.406286 1.28302 1.28302
1 0.407143 1.28341 1.28341
1 0.408 1.28379 1.28379
1 0.408857 1.28418 1.28418
1 0.409714 1.28456 1.28456
1 0.410571 1.28493 1.28493
1 0.411429 1.28531 1.28531
1 0.412286 1.28569 1.28569
1 0.413143 1.28606 1.28606
1 0.414 1.28643 1.28643
1 0.414857 1.2868 1.2868
1 0.415714 1.28717 1.28717
1 0.416571 1.28754 1.28754
1 0.417429 1.2879 1.2879
1 0.418286 1.28827 1.28827
1 0.419143 1.28863 1.28863
1 0.42 1.28899 1.28899
1 0.420857 1.28935 1.28935
1 0.421714 1.28971 1.28971
1 0.422571 1.29007 1.29007
1 0.423429 1.29042 1.29042
1 0.424286 1.29077 1.29077
1 0.425143 1.29112 1.29112
1 0.426 1.29147 1.29147
1 0.426857 1.29182 1.29182
1 0.427714 1.29217 1.29217
1 0.428571 1.29252 1.29252
1 0.429429 1.29286 1.29286
1 0.430286 1.29321 1.29321
1 0.431143 1.29355 1.29355
1 0.432 1.29389 1.29389
1 0.432857 1.29422 1.29422
1 0.433714 1.29456 1.29456
1 0.434571 1.2949 1.2949
1 0.435429 1.29523 1.29523
1 0.436286 1.29556 1.29556
1 0.437143 1.29589 1.29589
1 0.438 1.29622 1.29622
1 0.438857 1.29655 1.29655
2 0.439714 1.29688 1.29688
1 0.440571 1.2972 1.2972
1 0.441429 1.29752 1.29752
1 0.442286 1.29785 1.29785
1 0.443143 1.29817 1.29817
1 0.444 1.29849 1.29849
1 0.444857 1.29881 1.29881
1 0.445714 1.29913 1.29913
1 0.446571 1.29944 1.29944
1 0.447429 1.29976 1.29976
1 0.448286 1.30007 1.30007
1 0.449143 1.30038 1.30038
1 0.45 1.30069 1.30069
1 0.450857 1.301 1.301
1 0.451714 1.3013 1.3013
1 0.452571 1.30161 1.30161
1 0.453429 1.30191 1.30191
1 0.454286 1.30222 1.30222
1 0.455143 1.30252 1.30252
1 0.456 1.30282 1.30282
1 0.456857 1.30312 1.30312
1 0.457714 1.30342 1.30342
1 0.458571 1.30371 1.30371
1 0.459429 1.30401 1.30401
1 0.460286 1.3043 1.3043
1 0.461143 1.3046 1.3046
1 0.462 1.30489 1.30489
1 0.462857 1.30518 1.30518
1 0.463714 1.30547 1.30547
1 0.464571 1.30575 1.30575
1 0.465429 1.30604 1.30604
1 0.466286 1.30632 1.30632
1 0.467143 1.30661 1.30661
1 0.468 1.30689 1.30689
1 0.468857 1.30717 1.30717
1 0.469714 1.30745 1.30745
1 0.470571 1.30773 1.30773
1 0.471429 1.30801 1.30801
1 0.472286 1.30829 1.30829
1 0.473143 1.30856 1.30856
1 0.474 1.30884 1.30884
1 0.474857 1.30911 1.30911
1 0.475714 1.30938 1.30938
1 0.476571 1.30965 1.30965
1 0.477429 1.30992 1.30992
1 0.478286 1.31019 1.31019
1 0.479143 1.31046 1.31046
1 0.48 1.31072 1.31072
1 0.480857 1.31099 1.31099
1 0.481714 1.31125 1.31125
1 0.482571 1.31151 1.31151
1 0.483429 1.31177 1.31177
1 0.484286 1.31203 1.31203
1 0.485143 1.31229 1.31229
2 0.486 1.3125 1.31254
1 0.486857 1.3128 1.3128
1 0.487714 1.31305 1.31305
1 0.488571 1.31331 1.31331
1 0.489429 1.31356 1.31356
1 0.490286 1.31381 1.31381
1 0.491143 1.31406 1.31406
1 0.492 1.31431 1.31431
1 0.492857 1.31456 1.31456
1 0.493714 1.3148 1.3148
1 0.494571 1.31505 1.31505
1 0.495429 1.31529 1.31529
1 0.496286 1.31554 1.31554
1 0.497143 1.31578 1.31578
1 0.498 1.31602 1.31602
1 0.498857 1.31626 1.31626
1 0.499714 1.31649 1.31649
1 0.500571 1.31673 1.31673
1 0.501429 1.31697 1.31697
1 0.502286 1.3172 1.3172
1 0.503143 1.31744 1.31744
1 0.504 1.31767 1.31767
1 0.504857 1.3179 1.3179
1 0.505714 1.31813 1.31813
1 0.506571 1.31836 1.31836
1 0.507429 1.31859 1.31859
1 0.508286 1.31882 1.31882
1 0.509143 1.31904 1.31904
1 0.51 1.31927 1.31927
1 0.510857 1.31949 1.31949
1 0.511714 1.31971 1.31971
1 0.512571 1.31994 1.31994
1 0.513429 1.32016 1.32016
1 0.514286 1.32038 1.32038
1 0.515143 1.3206 1.3206
1 0.516 1.32082 1.32082
1 0.516857 1.32103 1.32103
1 0.517714 1.32125 1.32125
1 0.518571 1.32147 1.32147
1 0.519429 1.32168 1.32168
1 0.520286 1.32189 1.32189
1 0.521143 1.3221 1.3221
1 0.522 1.32232 1.32232
1 0.522857 1.32253 1.32253
1 0.523714 1.32273 1.32273
1 0.524571 1.32294 1.32294
1 0.525429 1.32315 1.32315
1 0.526286 1.32336 1.32336
1 0.527143 1.32356 1.32356
1 0.528 1.32377 1.32377
1 0.528857 1.32397 1.32397
1 0.529714 1.32417 1.32417
1 0.530571 1.32437 1.32437
1 0.531429 1.32457 1.32457
1 0.532286 1.32477 1.32477
1 0.533143 1.32497 1.32497
1 0.534 1.32517 1.32517
1 0.534857 1.32537 1.32537
1 0.535714 1.32556 1.32556
1 0.536571 1.32576 1.32576
1 0.537429 1.32595 1.32595
1 0.538286 1.32614 1.32614
1 0.539143 1.32634 1.32634
1 0.54 1.32653 1.32653
1 0.540857 1.32672 1.32672
1 0.541714 1.32691 1.32691
1 0.542571 1.3271 1.3271
1 0.543429 1.32728 1.32728
1 0.544286 1.32747 1.32747
1 0.545143 1.32765 1.32765
1 0.546 1.32784 1.32784
1 0.546857 1.32802 1.32802
2 0.547714 1.32812 1.3282
1 0.548571 1.32839 1.32839
1 0.549429 1.32857 1.32857
1 0.550286 1.32875 1.32875
1 0.551143 1.32893 1.32893
1 0.552 1.32911 1.32911
1 0.552857 1.32929 1.32929
1 0.553714 1.32947 1.32947
1 0.554571 1.32964 1.32964
1 0.555429 1.32982 1.32982
1 0.556286 1.32999 1.32999
1 0.557143 1.33017 1.33017
1 0.558 1.33034 1.33034
1 0.558857 1.33051 1.33051
1 0.559714 1.33068 1.33068
1 0.560571 1.33085 1.33085
1 0.561429 1.33102 1.33102
1 0.562286 1.33119 1.33119
1 0.563143 1.33136 1.33136
1 0.564 1.33153 1.33153
1 0.564857 1.33169 1.33169
1 0.565714 1.33186 1.33186
1 0.566571 1.33202 1.33202
1 0.567429 1.33219 1.33219
1 0.568286 1.33235 1.33235
1 0.569143 1.33251 1.33251
1 0.57 1.33268 1.33268
1 0.570857 1.33284 1.33284
1 0.571714 1.333 1.333
1 0.572571 1.33316 1.33316
1 0.573429 1.33332 1.33332
1 0.574286 1.33348 1.33348
1 0.575143 1.33363 1.33363
1 0.576 1.33379 1.33379
1 0.576857 1.33395 1.33395
1 0.577714 1.3341 1.3341
1 0.578571 1.33425 1.33425
1 0.579429 1.33441 1.33441
1 0.580286 1.33456 1.33456
1 0.581143 1.33471 1.33471
1 0.582 1.33487 1.33487
1 0.582857 1.33502 1.33502
1 0.583714 1.33517 1.33517
1 0.584571 1.33532 1.33532
1 0.585429 1.33546 1.33546
1 0.586286 1.33561 1.33561
1 0.587143 1.33576 1.33576
1 0.588 1.33591 1.33591
1 0.588857 1.33605 1.33605
1 0.589714 1.3362 1.3362
1 0.590571 1.33634 1.33634
1 0.591429 1.33648 1.33648
1 0.592286 1.33663 1.33663
1 0.593143 1.33677 1.33677
1 0.594 1.33691 1.33691
1 0.594857 1.33705 1.33705
1 0.595714 1.33719 1.33719
1 0.596571 1.33733 1.33733
1 0.597429 1.33747 1.33747
1 0.598286 1.33761 1.33761
1 0.599143 1.33775 1.33775
1 0.6 1.33789 1.33789
1 0.600857 1.33802 1.33802
1 0.601714 1.33816 1.33816
1 0.602571 1.33829 1.33829
1 0.603429 1.33843 1.33843
1 0.604286 1.33856 1.33856
1 0.605143 1.3387 1.3387
1 0.606 1.33883 1.33883
1 0.606857 1.33896 1.33896
1 0.607714 1.33909 1.33909
1 0.608571 1.33923 1.33923
1 0.609429 1.33936 1.33936
1 0.610286 1.33949 1.33949
1 0.611143 1.33962 1.33962
1 0.612 1.33975 1.33975
1 0.612857 1.33987 1.33987
1 0.613714 1.34 1.34
1 0.614571 1.34013 1.34013
1 0.615429 1.34025 1.34025
1 0.616286 1.34038 1.34038
1 0.617143 1.34051 1.34051
1 0.618 1.34063 1.34063
1 0.618857 1.34075 1.34075
1 0.619714 1.34088 1.34088
1 0.620571 1.341 1.341
1 0.621429 1.34112 1.34112
1 0.622286 1.34124 1.34124
1 0.623143 1.34136 1.34136
1 0.624 1.34149 1.34149
1 0.624857 1.34161 1.34161
1 0.625714 1.34172 1.34172
1 0.626571 1.34184 1.34184
1 0.627429 1.34196 1.34196
1 0.628286 1.34208 1.34208
1 0.629143 1.3422 1.3422
1 0.63 1.34231 1.34231
1 0.630857 1.34243 1.34243
1 0.631714 1.34255 1.34255
1 0.632571 1.34266 1.34266
1 0.633429 1.34278 1.34278
1 0.634286 1.34289 1.34289
1 0.635143 1.34301 1.34301
1 0.636 1.34312 1.34312
1 0.636857 1.34323 1.34323
1 0.637714 1.34334 1.34334
1 0.638571 1.34346 1.34346
1 0.639429 1.34357 1.34357
1 0.640286 1.34368 1.34368
1 0.641143 1.34379 1.34379
1 0.642 1.3439 1.3439
1 0.642857 1.34401 1.34401
1 0.643714 1.34412 1.34412
1 0.644571 1.34423 1.34423
1 0.645429 1.34434 1.34434
1 0.646286 1.34444 1.34444
1 0.647143 1.34455 1.34455
1 0.648 1.34466 1.34466
1 0.648857 1.34477 1.34477
1 0.649714 1.34487 1.34487
1 0.650571 1.34498 1.34498
1 0.651429 1.34508 1.34508
1 0.652286 1.34519 1.34519
1 0.653143 1.34529 1.34529
1 0.654 1.3454 1.3454
1 0.654857 1.3455 1.3455
1 0.655714 1.3456 1.3456
1 0.656571 1.34571 1.34571
1 0.657429 1.34581 1.34581
1 0.658286 1.34591 1.34591
1 0.659143 1.34601 1.34601
1 0.66 1.34611 1.34611
1 0.660857 1.34621 1.34621
1 0.661714 1.34631 1.34631
1 0.662571 1.34641 1.34641
1 0.663429 1.34651 1.34651
1 0.664286 1.34661 1.34661
1 0.665143 1.34671 1.34671
1 0.666 1.34681 1.34681
1 0.666857 1.34691 1.34691
1 0.667714 1.34701 1.34701
1 0.668571 1.34711 1.34711
1 0.669429 1.3472 1.3472
1 0.670286 1.3473 1.3473
1 0.671143 1.3474 1.3474
1 0.672 1.34749 1.34749
1 0.672857 1.34759 1.34759
1 0.673714 1.34769 1.34769
1 0.674571 1.34778 1.34778
1 0.675429 1.34788 1.34788
1 0.676286 1.34797 1.34797
1 0.677143 1.34807 1.34807
1 0.678 1.34816 1.34816
1 0.678857 1.34826 1.34826
1 0.679714 1.34835 1.34835
1 0.680571 1.34844 1.34844
1 0.681429 1.34854 1.34854
1 0.682286 1.34863 1.34863
1 0.683143 1.34872 1.34872
1 0.684 1.34882 1.34882
1 0.684857 1.34891 1.34891
1 0.685714 1.349 1.349
1 0.686571 1.34909 1.34909
1 0.687429 1.34918 1.34918
1 0.688286 1.34927 1.34927
1 0.689143 1.34936 1.34936
1 0.69 1.34945 1.34945
1 0.690857 1.34954 1.34954
1 0.691714 1.34963 1.34963
1 0.692571 1.34972 1.34972
1 0.693429 1.34981 1.34981
1 0.694286 1.3499 1.3499
1 0.695143 1.34999 1.34999
1 0.696 1.35008 1.35008
1 0.696857 1.35017 1.35017
1 0.697714 1.35026 1.35026
1 0.698571 1.35034 1.35034
1 0.699429 1.35043 1.35043
1 0.700286 1.35052 1.35052
1 0.701143 1.35061 1.35061
1 0.702 1.35069 1.35069
1 0.702857 1.35078 1.35078
1 0.703714 1.35087 1.35087
1 0.704571 1.35095 1.35095
1 0.705429 1.35104 1.35104
1 0.706286 1.35113 1.35113
1 0.707143 1.35121 1.35121
1 0.708 1.3513 1.3513
1 0.708857 1.35138 1.35138
1 0.709714 1.35147 1.35147
1 0.710571 1.35155 1.35155
1 0.711429 1.35164 1.35164
1 0.712286 1.35172 1.35172
1 0.713143 1.3518 1.3518
1 0.714 1.35189 1.35189
1 0.714857 1.35197 1.35197
1 0.715714 1.35206 1.35206
1 0.716571 1.35214 1.35214
1 0.717429 1.35222 1.35222
1 0.718286 1.3523 1.3523
1 0.719143 1.35239 1.35239
1 0.72 1.35247 1.35247
1 0.720857 1.35255 1.35255
1 0.721714 1.35263 1.35263
1 0.722571 1.35272 1.35272
1 0.723429 1.3528 1.3528
1 0.724286 1.35288 1.35288
1 0.725143 1.35296 1.35296
1 0.726 1.35304 1.35304
1 0.726857 1.35312 1.35312
1 0.727714 1.3532 1.3532
1 0.728571 1.35328 1.35328
1 0.729429 1.35336 1.35336
1 0.730286 1.35344 1.35344
1 0.731143 1.35352 1.35352
1 0.732 1.3536 1.3536
1 0.732857 1.35368 1.35368
1 0.733714 1.35376 1.35376
1 0.734571 1.35384 1.35384
1 0.735429 1.35392 1.35392
1 0.736286 1.354 1.354
1 0.737143 1.35407 1.35407
1 0.738 1.35415 1.35415
1 0.738857 1.35423 1.35423
1 0.739714 1.35431 1.35431
1 0.740571 1.35439 1.35439
1 0.741429 1.35446 1.35446
1 0.742286 1.35454 1.35454
1 0.743143 1.35462 1.35462
1 0.744 1.35469 1.35469
1 0.744857 1.35477 1.35477
1 0.745714 1.35485 1.35485
1 0.746571 1.35492 1.35492
1 0.747429 1.355 1.355
1 0.748286 1.35508 1.35508
1 0.749143 1.35515 1.35515
1 0.75 1.35523 1.35523
1 0.750857 1.3553 1.3553
1 0.751714 1.35538 1.35538
1 0.752571 1.35545 1.35545
1 0.753429 1.35553 1.35553
1 0.754286 1.3556 1.3556
1 0.755143 1.35568 1.35568
1 0.756 1.35575 1.35575
1 0.756857 1.35582 1.35582
1 0.757714 1.3559 1.3559
1 0.758571 1.35597 1.35597
1 0.759429 1.35605 1.35605
1 0.760286 1.35612 1.35612
1 0.761143 1.35619 1.35619
1 0.762 1.35626 1.35626
1 0.762857 1.35634 1.35634
1 0.763714 1.35641 1.35641
1 0.764571 1.35648 1.35648
1 0.765429 1.35655 1.35655
1 0.766286 1.35663 1.35663
1 0.767143 1.3567 1.3567
1 0.768 1.35677 1.35677
1 0.768857 1.35684 1.35684
1 0.769714 1.35691 1.35691
1 0.770571 1.35698 1.35698
1 0.771429 1.35705 1.35705
1 0.772286 1.35713 1.35713
1 0.773143 1.3572 1.3572
1 0.774 1.35727 1.35727
1 0.774857 1.35734 1.35734
1 0.775714 1.35741 1.35741
1 0.776571 1.35748 1.35748
1 0.777429 1.35755 1.35755
1 0.778286 1.35762 1.35762
1 0.779143 1.35769 1.35769
1 0.78 1.35775 1.35775
1 0.780857 1.35782 1.35782
1 0.781714 1.35789 1.35789
1 0.782571 1.35796 1.35796
1 0.783429 1.35803 1.35803
1 0.784286 1.3581 1.3581
1 0.785143 1.35817 1.35817
1 0.786 1.35823 1.35823
1 0.786857 1.3583 1.3583
1 0.787714 1.35837 1.35837
1 0.788571 1.35844 1.35844
1 0.789429 1.3585 1.3585
1 0.790286 1.35857 1.35857
1 0.791143 1.35864 1.35864
1 0.792 1.35871 1.35871
1 0.792857 1.35877 1.35877
1 0.793714 1.35884 1.35884
1 0.794571 1.35891 1.35891
1 0.795429 1.35897 1.35897
1 0.796286 1.35904 1.35904
1 0.797143 1.3591 1.3591
1 0.798 1.35917 1.35917
1 0.798857 1.35924 1.35924
1 0.799714 1.3593 1.3593
1 0.800571 1.35937 1.35937
1 0.801429 1.35943 1.35943
1 0.802286 1.35949 1.35949
1 0.803143 1.35956 1.35956
1 0.804 1.35962 1.35962
1 0.804857 1.35969 1.35969
1 0.805714 1.35975 1.35975
1 0.806571 1.35982 1.35982
1 0.807429 1.35988 1.35988
1 0.808286 1.35995 1.35995
1 0.809143 1.36001 1.36001
1 0.81 1.36007 1.36007
1 0.810857 1.36014 1.36014
1 0.811714 1.3602 1.3602
1 0.812571 1.36026 1.36026
1 0.813429 1.36033 1.36033
1 0.814286 1.36039 1.36039
1 0.815143 1.36045 1.36045
1 0.816 1.36052 1.36052
1 0.816857 1.36058 1.36058
1 0.817714 1.36064 1.36064
1 0.818571 1.3607 1.3607
1 0.819429 1.36076 1.36076
1 0.820286 1.36083 1.36083
1 0.821143 1.36089 1.36089
1 0.822 1.36095 1.36095
1 0.822857 1.36101 1.36101
1 0.823714 1.36107 1.36107
1 0.824571 1.36113 1.36113
1 0.825429 1.36119 1.36119
1 0.826286 1.36125 1.36125
1 0.827143 1.36131 1.36131
1 0.828 1.36137 1.36137
1 0.828857 1.36143 1.36143
1 0.829714 1.36149 1.36149
1 0.830571 1.36155 1.36155
1 0.831429 1.36161 1.36161
1 0.832286 1.36167 1.36167
1 0.833143 1.36173 1.36173
1 0.834 1.36179 1.36179
1 0.834857 1.36185 1.36185
1 0.835714 1.36191 1.36191
1 0.836571 1.36197 1.36197
1 0.837429 1.36203 1.36203
1 0.838286 1.36209 1.36209
1 0.839143 1.36215 1.36215
1 0.84 1.3622 1.3622
1 0.840857 1.36226 1.36226
1 0.841714 1.36232 1.36232
1 0.842571 1.36238 1.36238
1 0.843429 1.36244 1.36244
1 0.844286 1.36249 1.36249
1 0.845143 1.36255 1.36255
1 0.846 1.36261 1.36261
1 0.846857 1.36267 1.36267
1 0.847714 1.36272 1.36272
1 0.848571 1.36278 1.36278
1 0.849429 1.36284 1.36284
1 0.850286 1.36289 1.36289
1 0.851143 1.36295 1.36295
1 0.852 1.36301 1.36301
1 0.852857 1.36306 1.36306
1 0.853714 1.36312 1.36312
1 0.854571 1.36317 1.36317
1 0.855429 1.36323 1.36323
1 0.856286 1.36328 1.36328
1 0.857143 1.36334 1.36334
1 0.858 1.3634 1.3634
1 0.858857 1.36345 1.36345
1 0.859714 1.36351 1.36351
1 0.860571 1.36356 1.36356
1 0.861429 1.36362 1.36362
1 0.862286 1.36367 1.36367
1 0.863143 1.36372 1.36372
1 0.864 1.36378 1.36378
1 0.864857 1.36383 1.36383
1 0.865714 1.36389 1.36389
1 0.866571 1.36394 1.36394
1 0.867429 1.364 1.364
1 0.868286 1.36405 1.36405
1 0.869143 1.3641 1.3641
1 0.87 1.36416 1.36416
1 0.870857 1.36421 1.36421
1 0.871714 1.36426 1.36426
1 0.872571 1.36432 1.36432
1 0.873429 1.36437 1.36437
1 0.874286 1.36442 1.36442
1 0.875143 1.36447 1.36447
1 0.876 1.36453 1.36453
1 0.876857 1.36458 1.36458
1 0.877714 1.36463 1.36463
1 0.878571 1.36468 1.36468
1 0.879429 1.36473 1.36473
1 0.880286 1.36479 1.36479
1 0.881143 1.36484 1.36484
1 0.882 1.36489 1.36489
1 0.882857 1.36494 1.36494
1 0.883714 1.36499 1.36499
1 0.884571 1.36504 1.36504
1 0.885429 1.36509 1.36509
1 0.886286 1.36515 1.36515
1 0.887143 1.3652 1.3652
1 0.888 1.36525 1.36525
1 0.888857 1.3653 1.3653
1 0.889714 1.36535 1.36535
1 0.890571 1.3654 1.3654
1 0.891429 1.36545 1.36545
1 0.892286 1.3655 1.3655
1 0.893143 1.36555 1.36555
1 0.894 1.3656 1.3656
1 0.894857 1.36565 1.36565
1 0.895714 1.3657 1.3657
1 0.896571 1.36575 1.36575
1 0.897429 1.3658 1.3658
1 0.898286 1.36585 1.36585
1 0.899143 1.36589 1.36589
1 0.9 1.36594 1.36594
