0 
6.36727e-05 
0.000236398 
0.000448983 
0.000704084 
0.000991074 
0.00132589 
0.00166072 
0.00199554 
0.00233036 
0.00266518 
0.003 
0.00342857 
0.00394286 
0.00445714 
0.00497143 
0.00548571 
0.006 
0.0065 
0.007 
0.0075 
0.008 
0.0085 
0.009 
0.0096 
0.0102 
0.0108 
0.0114 
0.012 
0.0126 
0.0132 
0.0138 
0.0144 
0.015 
0.0156 
0.0162 
0.0168 
0.0174 
0.018 
0.0186 
0.0192 
0.0198 
0.0204 
0.021 
0.0216 
0.0222 
0.0228 
0.0234 
0.024 
0.0246 
0.0252 
0.0258 
0.0264 
0.027 
0.0276 
0.0282 
0.0288 
0.0294 
0.03 
0.0306 
0.0312 
0.0318 
0.0324 
0.033 
0.0336 
0.0342 
0.0348 
0.0354 
0.036 
0.0366 
0.0372 
0.0378 
0.0384 
0.039 
0.0396 
0.0402 
0.0408 
0.0414 
0.042 
0.0426 
0.0432 
0.0438 
0.0444 
0.045 
0.0456 
0.0462 
0.0468 
0.0474 
0.048 
0.0486 
0.0492 
0.0498 
0.0504 
0.051 
0.0516 
0.0522 
0.0528 
0.0534 
0.054 
0.0546 
0.0552 
0.0558 
0.0564 
0.057 
0.0576 
0.0582 
0.0588 
0.0594 
0.06 
0.0606 
0.0612 
0.0618 
0.0624 
0.063 
0.0636 
0.0642 
0.0648 
0.0654 
0.066 
0.0666 
0.0672 
0.0678 
0.0684 
0.069 
0.0696 
0.0702 
0.0708 
0.0714 
0.072 
0.0726 
0.0732 
0.0738 
0.0744 
0.075 
0.0756 
0.0762 
0.0768 
0.0774 
0.078 
0.0786 
0.0792 
0.0798 
0.0804 
0.081 
0.0816 
0.0822 
0.0828 
0.0834 
0.084 
0.0846 
0.0852 
0.0858 
0.0864 
0.087 
0.0876 
0.0882 
0.0888 
0.0894 
0.09 
0.0906 
0.0912 
0.0918 
0.0924 
0.093 
0.0936 
0.0942 
0.0948 
0.0954 
0.096 
0.0966 
0.0972 
0.0978 
0.0984 
0.099 
0.0996 
0.1002 
0.1008 
0.1014 
0.102 
0.1026 
0.1032 
0.1038 
0.1044 
0.105 
0.1056 
0.1062 
0.1068 
0.1074 
0.108 
0.1086 
0.1092 
0.1098 
0.1104 
0.111 
0.1116 
0.1122 
0.1128 
0.1134 
0.114 
0.1146 
0.1152 
0.1158 
0.1164 
0.117 
0.1176 
0.1182 
0.1188 
0.1194 
0.12 
0.1206 
0.1212 
0.1218 
0.1224 
0.123 
0.1236 
0.1242 
0.1248 
0.1254 
0.126 
0.1266 
0.1272 
0.1278 
0.1284 
0.129 
0.1296 
0.1302 
0.1308 
0.1314 
0.132 
0.1326 
0.1332 
0.1338 
0.1344 
0.135 
0.1356 
0.1362 
0.1368 
0.1374 
0.138 
0.1386 
0.1392 
0.1398 
0.1404 
0.141 
0.1416 
0.1422 
0.1428 
0.1434 
0.144 
0.1446 
0.1452 
0.1458 
0.1464 
0.147 
0.1476 
0.1482 
0.1488 
0.1494 
0.15 
0.1506 
0.1512 
0.1518 
0.1524 
0.153 
0.1536 
0.1542 
0.1548 
0.1554 
0.156 
0.1566 
0.1572 
0.1578 
0.1584 
0.159 
0.1596 
0.1602 
0.1608 
0.1614 
0.162 
0.1626 
0.1632 
0.1638 
0.1644 
0.165 
0.1656 
0.1662 
0.1668 
0.1674 
0.168 
0.1686 
0.1692 
0.1698 
0.1704 
0.171 
0.1716 
0.1722 
0.1728 
0.1734 
0.174 
0.1746 
0.1752 
0.1758 
0.1764 
0.177 
0.1776 
0.1782 
0.1788 
0.1794 
0.18 
0.1806 
0.1812 
0.1818 
0.1824 
0.183 
0.1836 
0.1842 
0.1848 
0.1854 
0.186 
0.1866 
0.1872 
0.1878 
0.1884 
0.189 
0.1896 
0.1902 
0.1908 
0.1914 
0.192 
0.1926 
0.1932 
0.1938 
0.1944 
0.195 
0.1956 
0.1962 
0.1968 
0.1974 
0.198 
0.1986 
0.1992 
0.1998 
0.2004 
0.201 
0.2016 
0.2022 
0.2028 
0.2034 
0.204 
0.2046 
0.2052 
0.2058 
0.2064 
0.207 
0.2076 
0.2082 
0.2088 
0.2094 
0.21 
0.2106 
0.2112 
0.2118 
0.2124 
0.213 
0.2136 
0.2142 
0.2148 
0.2154 
0.216 
0.2166 
0.2172 
0.2178 
0.2184 
0.219 
0.2196 
0.2202 
0.2208 
0.2214 
0.222 
0.2226 
0.2232 
0.2238 
0.2244 
0.225 
0.2256 
0.2262 
0.2268 
0.2274 
0.228 
0.2286 
0.2292 
0.2298 
0.2304 
0.231 
0.2316 
0.2322 
0.2328 
0.2334 
0.234 
0.2346 
0.2352 
0.2358 
0.2364 
0.237 
0.2376 
0.2382 
0.2388 
0.2394 
0.24 
0.2406 
0.2412 
0.2418 
0.2424 
0.243 
0.2436 
0.2442 
0.2448 
0.2454 
0.246 
0.2466 
0.2472 
0.2478 
0.2484 
0.249 
0.2496 
0.2502 
0.2508 
0.2514 
0.252 
0.2526 
0.2532 
0.2538 
0.2544 
0.255 
0.2556 
0.2562 
0.2568 
0.2574 
0.258 
0.2586 
0.2592 
0.2598 
0.2604 
0.261 
0.2616 
0.2622 
0.2628 
0.2634 
0.264 
0.2646 
0.2652 
0.2658 
0.2664 
0.267 
0.2676 
0.2682 
0.2688 
0.2694 
0.27 
0.2706 
0.2712 
0.2718 
0.2724 
0.273 
0.2736 
0.2742 
0.2748 
0.2754 
0.276 
0.2766 
0.2772 
0.2778 
0.2784 
0.279 
0.2796 
0.2802 
0.2808 
0.2814 
0.282 
0.2826 
0.2832 
0.2838 
0.2844 
0.285 
0.2856 
0.2862 
0.2868 
0.2874 
0.288 
0.2886 
0.2892 
0.2898 
0.2904 
0.291 
0.2916 
0.2922 
0.2928 
0.2934 
0.294 
0.2946 
0.2952 
0.2958 
0.2964 
0.297 
0.2976 
0.2982 
0.2988 
0.2994 
0.3 
0.3006 
0.3012 
0.3018 
0.3024 
0.303 
0.3036 
0.3042 
0.3048 
0.3054 
0.306 
0.3066 
0.3072 
0.3078 
0.3084 
0.309 
0.3096 
0.3102 
0.3108 
0.3114 
0.312 
0.3126 
0.3132 
0.3138 
0.3144 
0.315 
0.3156 
0.3162 
0.3168 
0.3174 
0.318 
0.3186 
0.3192 
0.3198 
0.3204 
0.321 
0.3216 
0.3222 
0.3228 
0.3234 
0.324 
0.3246 
0.3252 
0.3258 
0.3264 
0.327 
0.3276 
0.3282 
0.3288 
0.3294 
0.33 
0.3306 
0.3312 
0.3318 
0.3324 
0.333 
0.3336 
0.3342 
0.3348 
0.3354 
0.336 
0.3366 
0.3372 
0.3378 
0.3384 
0.339 
0.3396 
0.3402 
0.3408 
0.3414 
0.342 
0.3426 
0.3432 
0.3438 
0.3444 
0.345 
0.3456 
0.3462 
0.3468 
0.3474 
0.348 
0.3486 
0.3492 
0.3498 
0.3504 
0.351 
0.3516 
0.3522 
0.3528 
0.3534 
0.354 
0.3546 
0.3552 
0.3558 
0.3564 
0.357 
0.3576 
0.3582 
0.3588 
0.3594 
0.36 
0.3606 
0.3612 
0.3618 
0.3624 
0.363 
0.3636 
0.3642 
0.3648 
0.3654 
0.366 
0.3666 
0.3672 
0.3678 
0.3684 
0.369 
0.3696 
0.3702 
0.3708 
0.3714 
0.372 
0.3726 
0.3732 
0.3738 
0.3744 
0.375 
0.3756 
0.3762 
0.3768 
0.3774 
0.378 
0.3786 
0.3792 
0.3798 
0.3804 
0.381 
0.3816 
0.3822 
0.3828 
0.3834 
0.384 
0.3846 
0.3852 
0.3858 
0.3864 
0.387 
0.3876 
0.3882 
0.3888 
0.3894 
0.39 
0.3906 
0.3912 
0.3918 
0.3924 
0.393 
0.3936 
0.3942 
0.3948 
0.3954 
0.396 
0.3966 
0.3972 
0.3978 
0.3984 
0.399 
0.3996 
0.4002 
0.4008 
0.4014 
0.402 
0.4026 
0.4032 
0.4038 
0.4044 
0.405 
0.4056 
0.4062 
0.4068 
0.4074 
0.408 
0.4086 
0.4092 
0.4098 
0.4104 
0.411 
0.4116 
0.4122 
0.4128 
0.4134 
0.414 
0.4146 
0.4152 
0.4158 
0.4164 
0.417 
0.4176 
0.4182 
0.4188 
0.4194 
0.42 
0.4206 
0.4212 
0.4218 
0.4224 
0.423 
0.4236 
0.4242 
0.4248 
0.4254 
0.426 
0.4266 
0.4272 
0.4278 
0.4284 
0.429 
0.4296 
0.4302 
0.4308 
0.4314 
0.432 
0.4326 
0.4332 
0.4338 
0.4344 
0.435 
0.4356 
0.4362 
0.4368 
0.4374 
0.438 
0.4386 
0.4392 
0.4398 
0.4404 
0.441 
0.4416 
0.4422 
0.4428 
0.4434 
0.444 
0.4446 
0.4452 
0.4458 
0.4464 
0.447 
0.4476 
0.4482 
0.4488 
0.4494 
0.45 
0.4506 
0.4512 
0.4518 
0.4524 
0.453 
0.4536 
0.4542 
0.4548 
0.4554 
0.456 
0.4566 
0.4572 
0.4578 
0.4584 
0.459 
0.4596 
0.4602 
0.4608 
0.4614 
0.462 
0.4626 
0.4632 
0.4638 
0.4644 
0.465 
0.4656 
0.4662 
0.4668 
0.4674 
0.468 
0.4686 
0.4692 
0.4698 
0.4704 
0.471 
0.4716 
0.4722 
0.4728 
0.4734 
0.474 
0.4746 
0.4752 
0.4758 
0.4764 
0.477 
0.4776 
0.4782 
0.4788 
0.4794 
0.48 
0.4806 
0.4812 
0.4818 
0.4824 
0.483 
0.4836 
0.4842 
0.4848 
0.4854 
0.486 
0.4866 
0.4872 
0.4878 
0.4884 
0.489 
0.4896 
0.4902 
0.4908 
0.4914 
0.492 
0.4926 
0.4932 
0.4938 
0.4944 
0.495 
0.4956 
0.4962 
0.4968 
0.4974 
0.498 
0.4986 
0.4992 
0.4998 
0.5004 
0.501 
0.5016 
0.5022 
0.5028 
0.5034 
0.504 
0.5046 
0.5052 
0.5058 
0.5064 
0.507 
0.5076 
0.5082 
0.5088 
0.5094 
0.51 
0.5106 
0.5112 
0.5118 
0.5124 
0.513 
0.5136 
0.5142 
0.5148 
0.5154 
0.516 
0.5166 
0.5172 
0.5178 
0.5184 
0.519 
0.5196 
0.5202 
0.5208 
0.5214 
0.522 
0.5226 
0.5232 
0.5238 
0.5244 
0.525 
0.5256 
0.5262 
0.5268 
0.5274 
0.528 
0.5286 
0.5292 
0.5298 
0.5304 
0.531 
0.5316 
0.5322 
0.5328 
0.5334 
0.534 
0.5346 
0.5352 
0.5358 
0.5364 
0.537 
0.5376 
0.5382 
0.5388 
0.5394 
0.54 
0.5406 
0.5412 
0.5418 
0.5424 
0.543 
0.5436 
0.5442 
0.5448 
0.5454 
0.546 
0.5466 
0.5472 
0.5478 
0.5484 
0.549 
0.5496 
0.5502 
0.5508 
0.5514 
0.552 
0.5526 
0.5532 
0.5538 
0.5544 
0.555 
0.5556 
0.5562 
0.5568 
0.5574 
0.558 
0.5586 
0.5592 
0.5598 
0.5604 
0.561 
0.5616 
0.5622 
0.5628 
0.5634 
0.564 
0.5646 
0.5652 
0.5658 
0.5664 
0.567 
0.5676 
0.5682 
0.5688 
0.5694 
0.57 
0.5706 
0.5712 
0.5718 
0.5724 
0.573 
0.5736 
0.5742 
0.5748 
0.5754 
0.576 
0.5766 
0.5772 
0.5778 
0.5784 
0.579 
0.5796 
0.5802 
0.5808 
0.5814 
0.582 
0.5826 
0.5832 
0.5838 
0.5844 
0.585 
0.5856 
0.5862 
0.5868 
0.5874 
0.588 
0.5886 
0.5892 
0.5898 
0.5904 
0.591 
0.5916 
0.5922 
0.5928 
0.5934 
0.594 
0.5946 
0.5952 
0.5958 
0.5964 
0.597 
0.5976 
0.5982 
0.5988 
0.5994 
0.6 
0.6006 
0.6012 
0.6018 
0.6024 
0.603 
0.6036 
0.6042 
0.6048 
0.6054 
0.606 
0.6066 
0.6072 
0.6078 
0.6084 
0.609 
0.6096 
0.6102 
0.6108 
0.6114 
0.612 
0.6126 
0.6132 
0.6138 
0.6144 
0.615 
0.6156 
0.6162 
0.6168 
0.6174 
0.618 
0.6186 
0.6192 
0.6198 
0.6204 
0.621 
0.6216 
0.6222 
0.6228 
0.6234 
0.624 
0.6246 
0.6252 
0.6258 
0.6264 
0.627 
0.6276 
0.6282 
0.6288 
0.6294 
0.63 
0.6306 
0.6312 
0.6318 
0.6324 
0.633 
0.6336 
0.6342 
0.6348 
0.6354 
0.636 
0.6366 
0.6372 
0.6378 
0.6384 
0.639 
0.6396 
0.6402 
0.6408 
0.6414 
0.642 
0.6426 
0.6432 
0.6438 
0.6444 
0.645 
0.6456 
0.6462 
0.6468 
0.6474 
0.648 
0.6486 
0.6492 
0.6498 
0.6504 
0.651 
0.6516 
0.6522 
0.6528 
0.6534 
0.654 
0.6546 
0.6552 
0.6558 
0.6564 
0.657 
0.6576 
0.6582 
0.6588 
0.6594 
0.66 
0.6606 
0.6612 
0.6618 
0.6624 
0.663 
0.6636 
0.6642 
0.6648 
0.6654 
0.666 
0.6666 
0.6672 
0.6678 
0.6684 
0.669 
0.6696 
0.6702 
0.6708 
0.6714 
0.672 
0.6726 
0.6732 
0.6738 
0.6744 
0.675 
0.6756 
0.6762 
0.6768 
0.6774 
0.678 
0.6786 
0.6792 
0.6798 
0.6804 
0.681 
0.6816 
0.6822 
0.6828 
0.6834 
0.684 
0.6846 
0.6852 
0.6858 
0.6864 
0.687 
0.6876 
0.6882 
0.6888 
0.6894 
0.69 
0.6906 
0.6912 
0.6918 
0.6924 
0.693 
0.6936 
0.6942 
0.6948 
0.6954 
0.696 
0.6966 
0.6972 
0.6978 
0.6984 
0.699 
0.6996 
0.7002 
0.7008 
0.7014 
0.702 
0.7026 
0.7032 
0.7038 
0.7044 
0.705 
0.7056 
0.7062 
0.7068 
0.7074 
0.708 
0.7086 
0.7092 
0.7098 
0.7104 
0.711 
0.7116 
0.7122 
0.7128 
0.7134 
0.714 
0.7146 
0.7152 
0.7158 
0.7164 
0.717 
0.7176 
0.7182 
0.7188 
0.7194 
0.72 
0.7206 
0.7212 
0.7218 
0.7224 
0.723 
0.7236 
0.7242 
0.7248 
0.7254 
0.726 
0.7266 
0.7272 
0.7278 
0.7284 
0.729 
0.7296 
0.7302 
0.7308 
0.7314 
0.732 
0.7326 
0.7332 
0.7338 
0.7344 
0.735 
0.7356 
0.7362 
0.7368 
0.7374 
0.738 
0.7386 
0.7392 
0.7398 
0.7404 
0.741 
0.7416 
0.7422 
0.7428 
0.7434 
0.744 
0.7446 
0.7452 
0.7458 
0.7464 
0.747 
0.7476 
0.7482 
0.7488 
0.7494 
0.75 
0.7506 
0.7512 
0.7518 
0.7524 
0.753 
0.7536 
0.7542 
0.7548 
0.7554 
0.756 
0.7566 
0.7572 
0.7578 
0.7584 
0.759 
0.7596 
0.7602 
0.7608 
0.7614 
0.762 
0.7626 
0.7632 
0.7638 
0.7644 
0.765 
0.7656 
0.7662 
0.7668 
0.7674 
0.768 
0.7686 
0.7692 
0.7698 
0.7704 
0.771 
0.7716 
0.7722 
0.7728 
0.7734 
0.774 
0.7746 
0.7752 
0.7758 
0.7764 
0.777 
0.7776 
0.7782 
0.7788 
0.7794 
0.78 
0.7806 
0.7812 
0.7818 
0.7824 
0.783 
0.7836 
0.7842 
0.7848 
0.7854 
0.786 
0.7866 
0.7872 
0.7878 
0.7884 
0.789 
0.7896 
0.7902 
0.7908 
0.7914 
0.792 
0.7926 
0.7932 
0.7938 
0.7944 
0.795 
0.7956 
0.7962 
0.7968 
0.7974 
0.798 
0.7986 
0.7992 
0.7998 
0.8004 
0.801 
0.8016 
0.8022 
0.8028 
0.8034 
0.804 
0.8046 
0.8052 
0.8058 
0.8064 
0.807 
0.8076 
0.8082 
0.8088 
0.8094 
0.81 
0.8106 
0.8112 
0.8118 
0.8124 
0.813 
0.8136 
0.8142 
0.8148 
0.8154 
0.816 
0.8166 
0.8172 
0.8178 
0.8184 
0.819 
0.8196 
0.8202 
0.8208 
0.8214 
0.822 
0.8226 
0.8232 
0.8238 
0.8244 
0.825 
0.8256 
0.8262 
0.8268 
0.8274 
0.828 
0.8286 
0.8292 
0.8298 
0.8304 
0.831 
0.8316 
0.8322 
0.8328 
0.8334 
0.834 
0.8346 
0.8352 
0.8358 
0.8364 
0.837 
0.8376 
0.8382 
0.8388 
0.8394 
0.84 
0.8406 
0.8412 
0.8418 
0.8424 
0.843 
0.8436 
0.8442 
0.8448 
0.8454 
0.846 
0.8466 
0.8472 
0.8478 
0.8484 
0.849 
0.8496 
0.8502 
0.8508 
0.8514 
0.852 
0.8526 
0.8532 
0.8538 
0.8544 
0.855 
0.8556 
0.8562 
0.8568 
0.8574 
0.858 
0.8586 
0.8592 
0.8598 
0.8604 
0.861 
0.8616 
0.8622 
0.8628 
0.8634 
0.864 
0.8646 
0.8652 
0.8658 
0.8664 
0.867 
0.8676 
0.8682 
0.8688 
0.8694 
0.87 
0.8706 
0.8712 
0.8718 
0.8724 
0.873 
0.8736 
0.8742 
0.8748 
0.8754 
0.876 
0.8766 
0.8772 
0.8778 
0.8784 
0.879 
0.8796 
0.8802 
0.8808 
0.8814 
0.882 
0.8826 
0.8832 
0.8838 
0.8844 
0.885 
0.8856 
0.8862 
0.8868 
0.8874 
0.888 
0.8886 
0.8892 
0.8898 
0.8904 
0.891 
0.8916 
0.8922 
0.8928 
0.8934 
0.894 
0.8946 
0.8952 
0.8958 
0.8964 
0.897 
0.8976 
0.8982 
0.8988 
0.8994 
0.9 
0 0.581306
0.0281914 0.59375

0.0274427 0.59375
0.03125 0.595519

0.03125 0.602881
0.0571542 0.625

0.0566057 0.625
0.0625 0.630024

0.0625 0.629569
0.09375 0.653656

0.09375 0.65358
0.0975507 0.65625

0.0975601 0.65625
0.125 0.675369

0.125 0.675286
0.144395 0.6875

0.144233 0.6875
0.15625 0.695037

0.15625 0.69496
0.1875 0.712724

0.1875 0.712683
0.199356 0.71875

0.199327 0.71875
0.21875 0.728688

0.21875 0.728656
0.25 0.742988

0.25 0.742958
0.267237 0.75

0.267191 0.75
0.28125 0.755744

0.28125 0.755716
0.3125 0.766999

0.3125 0.766984
0.34375 0.776848

0.34375 0.776835
0.359986 0.78125

0.359978 0.78125
0.375 0.785335

0.375 0.785324
0.40625 0.7925

0.40625 0.792492
0.4375 0.798381

0.4375 0.798375
0.46875 0.803007

0.46875 0.803002
0.5 0.806398

0.5 0.806394
0.53125 0.808569

0.53125 0.808567
0.5625 0.809531

0.5625 0.809531
0.59375 0.809288

0.59375 0.809289
0.625 0.807838

0.625 0.807841
0.65625 0.805175

0.65625 0.805179
0.6875 0.801286

0.6875 0.801291
0.71875 0.796152

0.71875 0.796159
0.75 0.789749

0.90625 0.737304
0.876667 0.75

0.90625 0.737328
0.9375 0.722311

1 0.686853
0.998899 0.6875

0.96875 0.705601
0.944181 0.71875

0.9375 0.72239
0.944303 0.71875

0.96875 0.705656
0.999319 0.6875

0.75 0.789758
0.78125 0.782046

0.8125 0.772994
0.784002 0.78125

0.78125 0.782149
0.784352 0.78125

0.8125 0.773016
0.84375 0.762573

0.84375 0.762589
0.875 0.750696

0.875 0.750728
0.876696 0.75

1.21875 0.485911
1.20826 0.5

1.25 0.441341
1.23149 0.46875

1.21875 0.485921
1.23144 0.46875

1.375 0.0947157
1.37088 0.125

1.37089 0.125
1.36539 0.15625

1.3654 0.15625
1.35862 0.1875

1.34375 0.241435
1.34116 0.25

1.35863 0.1875
1.35054 0.21875

1.34375 0.241229
1.35054 0.21875

1.38056 0
1.37995 0.03125

1.37996 0.03125
1.37815 0.0625

1.37815 0.0625
1.37513 0.09375

1.375 0.0947112
1.37513 0.09375

1.3125 0.325038
1.30421 0.34375

1.30422 0.34375
1.28875 0.375

1.34113 0.25
1.3303 0.28125

1.33031 0.28125
1.31801 0.3125

1.3125 0.324927
1.318 0.3125

1.28125 0.388742
1.27161 0.40625

1.27162 0.40625
1.25255 0.4375

1.28125 0.388613
1.28874 0.375

1.25 0.441409
1.25251 0.4375

1.09375 0.618611
1.08597 0.625

1.125 0.590788
1.12181 0.59375

1.09375 0.618891
1.12195 0.59375

1 0.687131
1.03125 0.66658

1.0625 0.643841
1.04544 0.65625

1.03125 0.666612
1.04575 0.65625

1.0625 0.643985
1.08615 0.625

1.15625 0.559985
1.15384 0.5625

1.1875 0.525299
1.18245 0.53125

1.15625 0.55994
1.1825 0.53125

1.125 0.591001
1.1539 0.5625

1.1875 0.525131
1.20824 0.5

i = 1508 t = 0.9

# Quadtree, 1508 steps, 48.5991 CPU, 35.43 real, 7.86e+04 points.step/s, 30 var
