1 0 1 1
2 0.00266518 1 1
2 0.0075 1 1
1 0.0132 1.00074 1.00074
1 0.0192 1.00165 1.00165
1 0.0252 1.00291 1.00291
1 0.0312 1.0045 1.0045
1 0.0372 1.00641 1.00641
1 0.0432 1.00861 1.00861
1 0.0492 1.01109 1.01109
1 0.0552 1.01382 1.01382
1 0.0612 1.01679 1.01679
1 0.0672 1.01999 1.01999
1 0.0732 1.0234 1.0234
1 0.0792 1.02704 1.02704
1 0.0852 1.03083 1.03083
1 0.0912 1.03482 1.03482
1 0.0972 1.03902 1.03902
1 0.1032 1.04342 1.04342
1 0.1092 1.048 1.048
1 0.1152 1.05271 1.05271
1 0.1212 1.05757 1.05757
2 0.1272 1.0625 1.0625
1 0.1332 1.0677 1.0677
1 0.1392 1.07303 1.07303
1 0.1452 1.07853 1.07853
1 0.1512 1.08413 1.08413
1 0.1572 1.08979 1.08979
1 0.1632 1.09553 1.09553
1 0.1692 1.10143 1.10143
1 0.1752 1.10733 1.10733
1 0.1812 1.11331 1.11331
1 0.1872 1.11932 1.11932
2 0.1932 1.125 1.125
1 0.1992 1.13132 1.13132
1 0.2052 1.13742 1.13742
1 0.2112 1.14349 1.14349
1 0.2172 1.14949 1.14949
1 0.2232 1.15543 1.15543
1 0.2292 1.16133 1.16133
1 0.2352 1.16722 1.16722
1 0.2412 1.17301 1.17301
1 0.2472 1.17867 1.17867
1 0.2532 1.18426 1.18426
1 0.2592 1.18971 1.18971
1 0.2652 1.19512 1.19512
1 0.2712 1.2005 1.2005
1 0.2772 1.20576 1.20576
1 0.2832 1.21088 1.21088
1 0.2892 1.21589 1.21589
1 0.2952 1.22078 1.22078
1 0.3012 1.22562 1.22562
1 0.3072 1.2303 1.2303
1 0.3132 1.23488 1.23488
1 0.3192 1.23933 1.23933
1 0.3252 1.24367 1.24367
1 0.3312 1.24791 1.24791
1 0.3372 1.25199 1.25199
1 0.3432 1.25599 1.25599
1 0.3492 1.25995 1.25995
1 0.3552 1.26379 1.26379
1 0.3612 1.26751 1.26751
1 0.3672 1.27112 1.27112
1 0.3732 1.27462 1.27462
1 0.3792 1.27801 1.27801
2 0.3852 1.28125 1.28125
1 0.3912 1.28452 1.28452
1 0.3972 1.28771 1.28771
1 0.4032 1.29077 1.29077
1 0.4092 1.29372 1.29372
1 0.4152 1.29661 1.29661
1 0.4212 1.2994 1.2994
1 0.4272 1.3021 1.3021
1 0.4332 1.30472 1.30472
1 0.4392 1.30727 1.30727
1 0.4452 1.30974 1.30974
1 0.4512 1.31213 1.31213
1 0.4572 1.31442 1.31442
1 0.4632 1.31667 1.31667
1 0.4692 1.31891 1.31891
1 0.4752 1.32107 1.32107
1 0.4812 1.32315 1.32315
1 0.4872 1.32517 1.32517
1 0.4932 1.32712 1.32712
1 0.4992 1.32903 1.32903
1 0.5052 1.33088 1.33088
1 0.5112 1.33267 1.33267
1 0.5172 1.33441 1.33441
1 0.5232 1.3361 1.3361
1 0.5292 1.33773 1.33773
1 0.5352 1.33932 1.33932
1 0.5412 1.34086 1.34086
1 0.5472 1.34235 1.34235
2 0.5532 1.34375 1.34375
1 0.5592 1.3452 1.3452
1 0.5652 1.34657 1.34657
1 0.5712 1.3479 1.3479
1 0.5772 1.34919 1.34919
1 0.5832 1.35044 1.35044
1 0.5892 1.35165 1.35165
1 0.5952 1.35281 1.35281
1 0.6012 1.35394 1.35394
1 0.6072 1.35503 1.35503
1 0.6132 1.3561 1.3561
1 0.6192 1.35713 1.35713
1 0.6252 1.35813 1.35813
1 0.6312 1.35911 1.35911
1 0.6372 1.36004 1.36004
1 0.6432 1.36095 1.36095
1 0.6492 1.36182 1.36182
1 0.6552 1.36267 1.36267
1 0.6612 1.36349 1.36349
1 0.6672 1.36429 1.36429
1 0.6732 1.36506 1.36506
1 0.6792 1.3658 1.3658
1 0.6852 1.36652 1.36652
1 0.6912 1.36721 1.36721
1 0.6972 1.36788 1.36788
1 0.7032 1.36853 1.36853
1 0.7092 1.36916 1.36916
1 0.7152 1.36976 1.36976
1 0.7212 1.37034 1.37034
1 0.7272 1.37091 1.37091
1 0.7332 1.37145 1.37145
1 0.7392 1.37198 1.37198
1 0.7452 1.37248 1.37248
1 0.7512 1.37297 1.37297
1 0.7572 1.37344 1.37344
1 0.7632 1.37389 1.37389
1 0.7692 1.37433 1.37433
1 0.7752 1.37475 1.37475
2 0.7812 1.375 1.375
2 0.7872 1.375 1.375
1 0.7932 1.37591 1.37591
1 0.7992 1.37627 1.37627
1 0.8052 1.37662 1.37662
1 0.8112 1.37696 1.37696
1 0.8172 1.37728 1.37728
1 0.8232 1.37759 1.37759
1 0.8292 1.37789 1.37789
1 0.8352 1.37817 1.37817
1 0.8412 1.37844 1.37844
1 0.8472 1.3787 1.3787
1 0.8532 1.37895 1.37895
1 0.8592 1.37919 1.37919
1 0.8652 1.37942 1.37942
1 0.8712 1.37964 1.37964
1 0.8772 1.37985 1.37985
1 0.8832 1.38005 1.38005
1 0.8892 1.38024 1.38024
1 0.8952 1.38042 1.38042
