0 
0.000180094 
0.000665086 
0.00125785 
0.0019353 
0.00274824 
0.00356118 
0.00437412 
0.00518706 
0.006 
0.0072 
0.0084 
0.0096 
0.0108 
0.012 
0.0135 
0.015 
0.0165 
0.018 
0.0195 
0.021 
0.0225 
0.024 
0.0255 
0.027 
0.0285 
0.03 
0.0315 
0.033 
0.0345 
0.036 
0.0375 
0.039 
0.0405 
0.042 
0.0435 
0.045 
0.0465 
0.048 
0.0495 
0.051 
0.0525 
0.054 
0.0555 
0.057 
0.0585 
0.06 
0.0615 
0.063 
0.0645 
0.066 
0.0675 
0.069 
0.0705 
0.072 
0.0735 
0.075 
0.0765 
0.078 
0.0795 
0.081 
0.0825 
0.084 
0.0855 
0.087 
0.0885 
0.09 
0.0915 
0.093 
0.0945 
0.096 
0.0973333 
0.0986667 
0.1 
0.101 
0.102 
0.1035 
0.105 
0.1065 
0.108 
0.1095 
0.111 
0.1125 
0.114 
0.1155 
0.117 
0.1185 
0.12 
0.1215 
0.123 
0.1245 
0.126 
0.1275 
0.129 
0.1305 
0.132 
0.1335 
0.135 
0.1365 
0.138 
0.1395 
0.141 
0.1425 
0.144 
0.1455 
0.147 
0.1485 
0.15 
0.1515 
0.153 
0.1545 
0.156 
0.1575 
0.159 
0.1605 
0.162 
0.1635 
0.165 
0.1665 
0.168 
0.1695 
0.171 
0.1725 
0.174 
0.1755 
0.177 
0.1785 
0.18 
0.1815 
0.183 
0.1845 
0.186 
0.1875 
0.189 
0.1905 
0.192 
0.1935 
0.195 
0.1965 
0.198 
0.199 
0.2 
0.201333 
0.202667 
0.204 
0.2055 
0.207 
0.2085 
0.21 
0.2115 
0.213 
0.2145 
0.216 
0.2175 
0.219 
0.2205 
0.222 
0.2235 
0.225 
0.2265 
0.228 
0.2295 
0.231 
0.2325 
0.234 
0.2355 
0.237 
0.2385 
0.24 
0.2415 
0.243 
0.2445 
0.246 
0.2475 
0.249 
0.2505 
0.252 
0.2535 
0.255 
0.2565 
0.258 
0.2595 
0.261 
0.2625 
0.264 
0.2655 
0.267 
0.2685 
0.27 
0.2715 
0.273 
0.2745 
0.276 
0.2775 
0.279 
0.2805 
0.282 
0.2835 
0.285 
0.2865 
0.288 
0.2895 
0.291 
0.2925 
0.294 
0.2955 
0.297 
0.2985 
0.3 
0.3015 
0.303 
0.3045 
0.306 
0.3075 
0.309 
0.3105 
0.312 
0.3135 
0.315 
0.3165 
0.318 
0.3195 
0.321 
0.3225 
0.324 
0.3255 
0.327 
0.3285 
0.33 
0.3315 
0.333 
0.3345 
0.336 
0.3375 
0.339 
0.3405 
0.342 
0.3435 
0.345 
0.3465 
0.348 
0.3495 
0.351 
0.3525 
0.354 
0.3555 
0.357 
0.3585 
0.36 
0.3615 
0.363 
0.3645 
0.366 
0.3675 
0.369 
0.3705 
0.372 
0.3735 
0.375 
0.3765 
0.378 
0.3795 
0.381 
0.3825 
0.384 
0.3855 
0.387 
0.3885 
0.39 
0.3915 
0.393 
0.3945 
0.396 
0.397333 
0.398667 
0.4 
0.401 
0.402 
0.4035 
0.405 
0.4065 
0.408 
0.4095 
0.411 
0.4125 
0.414 
0.4155 
0.417 
0.4185 
0.42 
0.4215 
0.423 
0.4245 
0.426 
0.4275 
0.429 
0.4305 
0.432 
0.4335 
0.435 
0.4365 
0.438 
0.4395 
0.441 
0.4425 
0.444 
0.4455 
0.447 
0.4485 
0.45 
0.4515 
0.453 
0.4545 
0.456 
0.4575 
0.459 
0.4605 
0.462 
0.4635 
0.465 
0.4665 
0.468 
0.4695 
0.471 
0.4725 
0.474 
0.4755 
0.477 
0.4785 
0.48 
0.4815 
0.483 
0.4845 
0.486 
0.4875 
0.489 
0.4905 
0.492 
0.4935 
0.495 
0.4965 
0.498 
0.499 
0.5 
0.501333 
0.502667 
0.504 
0.5055 
0.507 
0.5085 
0.51 
0.5115 
0.513 
0.5145 
0.516 
0.5175 
0.519 
0.5205 
0.522 
0.5235 
0.525 
0.5265 
0.528 
0.5295 
0.531 
0.5325 
0.534 
0.5355 
0.537 
0.5385 
0.54 
0.5415 
0.543 
0.5445 
0.546 
0.5475 
0.549 
0.5505 
0.552 
0.5535 
0.555 
0.5565 
0.558 
0.5595 
0.561 
0.5625 
0.564 
0.5655 
0.567 
0.5685 
0.57 
0.5715 
0.573 
0.5745 
0.576 
0.5775 
0.579 
0.5805 
0.582 
0.5835 
0.585 
0.5865 
0.588 
0.5895 
0.591 
0.5925 
0.594 
0.5955 
0.597 
0.5985 
0.6 
0.6015 
0.603 
0.6045 
0.606 
0.6075 
0.609 
0.6105 
0.612 
0.6135 
0.615 
0.6165 
0.618 
0.6195 
0.621 
0.6225 
0.624 
0.6255 
0.627 
0.6285 
0.63 
0.6315 
0.633 
0.6345 
0.636 
0.6375 
0.639 
0.6405 
0.642 
0.6435 
0.645 
0.6465 
0.648 
0.6495 
0.651 
0.6525 
0.654 
0.6555 
0.657 
0.6585 
0.66 
0.6615 
0.663 
0.6645 
0.666 
0.6675 
0.669 
0.6705 
0.672 
0.6735 
0.675 
0.6765 
0.678 
0.6795 
0.681 
0.6825 
0.684 
0.6855 
0.687 
0.6885 
0.69 
0.6915 
0.693 
0.6945 
0.696 
0.697333 
0.698667 
0.7 
0.701 
0.702 
0.7035 
0.705 
0.7065 
0.708 
0.7095 
0.711 
0.7125 
0.714 
0.7155 
0.717 
0.7185 
0.72 
0.7215 
0.723 
0.7245 
0.726 
0.7275 
0.729 
0.7305 
0.732 
0.7335 
0.735 
0.7365 
0.738 
0.7395 
0.741 
0.7425 
0.744 
0.7455 
0.747 
0.7485 
0.75 
0.7515 
0.753 
0.7545 
0.756 
0.7575 
0.759 
0.7605 
0.762 
0.7635 
0.765 
0.7665 
0.768 
0.7695 
0.771 
0.7725 
0.774 
0.7755 
0.777 
0.7785 
0.78 
0.7815 
0.783 
0.7845 
0.786 
0.7875 
0.789 
0.7905 
0.792 
0.7935 
0.795 
0.7965 
0.798 
0.799 
0.8 
0.801333 
0.802667 
0.804 
0.8055 
0.807 
0.8085 
0.81 
0.8115 
0.813 
0.8145 
0.816 
0.8175 
0.819 
0.8205 
0.822 
0.8235 
0.825 
0.8265 
0.828 
0.8295 
0.831 
0.8325 
0.834 
0.8355 
0.837 
0.8385 
0.84 
0.8415 
0.843 
0.8445 
0.846 
0.8475 
0.849 
0.8505 
0.852 
0.8535 
0.855 
0.8565 
0.858 
0.8595 
0.861 
0.8625 
0.864 
0.8655 
0.867 
0.8685 
0.87 
0.8715 
0.873 
0.8745 
0.876 
0.8775 
0.879 
0.8805 
0.882 
0.8835 
0.885 
0.8865 
0.888 
0.8895 
0.891 
0.8925 
0.894 
0.8955 
0.897 
0.8985 
0.9 
0.9015 
0.903 
0.9045 
0.906 
0.9075 
0.909 
0.9105 
0.912 
0.9135 
0.915 
0.9165 
0.918 
0.9195 
0.921 
0.9225 
0.924 
0.9255 
0.927 
0.9285 
0.93 
0.9315 
0.933 
0.9345 
0.936 
0.9375 
0.939 
0.9405 
0.942 
0.9435 
0.945 
0.9465 
0.948 
0.9495 
0.951 
0.9525 
0.954 
0.9555 
0.957 
0.9585 
0.96 
0.9615 
0.963 
0.9645 
0.966 
0.9675 
0.969 
0.9705 
0.972 
0.9735 
0.975 
0.9765 
0.978 
0.9795 
0.981 
0.9825 
0.984 
0.9855 
0.987 
0.9885 
0.99 
0.9915 
0.993 
0.9945 
0.996 
0.997333 
0.998667 
1 
1.001 
1.002 
1.0035 
1.005 
1.0065 
1.008 
1.0095 
1.011 
1.0125 
1.014 
1.0155 
1.017 
1.0185 
1.02 
1.0215 
1.023 
1.0245 
1.026 
1.0275 
1.029 
1.0305 
1.032 
1.0335 
1.035 
1.0365 
1.038 
1.0395 
1.041 
1.0425 
1.044 
1.0455 
1.047 
1.0485 
1.05 
1.0515 
1.053 
1.0545 
1.056 
1.0575 
1.059 
1.0605 
1.062 
1.0635 
1.065 
1.0665 
1.068 
1.0695 
1.071 
1.0725 
1.074 
1.0755 
1.077 
1.0785 
1.08 
1.0815 
1.083 
1.0845 
1.086 
1.0875 
1.089 
1.0905 
1.092 
1.0935 
1.095 
1.0965 
1.098 
1.099 
1.1 
1.10133 
1.10267 
1.104 
1.1055 
1.107 
1.1085 
1.11 
1.1115 
1.113 
1.1145 
1.116 
1.1175 
1.119 
1.1205 
1.122 
1.1235 
1.125 
1.1265 
1.128 
1.1295 
1.131 
1.1325 
1.134 
1.1355 
1.137 
1.1385 
1.14 
1.1415 
1.143 
1.1445 
1.146 
1.1475 
1.149 
1.1505 
1.152 
1.1535 
1.155 
1.1565 
1.158 
1.1595 
1.161 
1.1625 
1.164 
1.1655 
1.167 
1.1685 
1.17 
1.1715 
1.173 
1.1745 
1.176 
1.1775 
1.179 
1.1805 
1.182 
1.1835 
1.185 
1.1865 
1.188 
1.1895 
1.191 
1.1925 
1.194 
1.1955 
1.197 
1.1985 
1.2 
1.2015 
1.203 
1.2045 
1.206 
1.2075 
1.209 
1.2105 
1.212 
1.2135 
1.215 
1.2165 
1.218 
1.2195 
1.221 
1.2225 
1.224 
1.2255 
1.227 
1.2285 
1.23 
1.2315 
1.233 
1.2345 
1.236 
1.2375 
1.239 
1.2405 
1.242 
1.2435 
1.245 
1.2465 
1.248 
1.2495 
1.251 
1.2525 
1.254 
1.2555 
1.257 
1.2585 
1.26 
1.2615 
1.263 
1.2645 
1.266 
1.2675 
1.269 
1.2705 
1.272 
1.2735 
1.275 
1.2765 
1.278 
1.2795 
1.281 
1.2825 
1.284 
1.2855 
1.287 
1.2885 
1.29 
1.2915 
1.293 
1.2945 
1.296 
1.29733 
1.29867 
1.3 
1.301 
1.302 
1.3035 
1.305 
1.3065 
1.308 
1.3095 
1.311 
1.3125 
1.314 
1.3155 
1.317 
1.3185 
1.32 
1.3215 
1.323 
1.3245 
1.326 
1.3275 
1.329 
1.3305 
1.332 
1.3335 
1.335 
1.3365 
1.338 
1.3395 
1.341 
1.3425 
1.344 
1.3455 
1.347 
1.3485 
1.35 
1.3515 
1.353 
1.3545 
1.356 
1.3575 
1.359 
1.3605 
1.362 
1.3635 
1.365 
1.3665 
1.368 
1.3695 
1.371 
1.3725 
1.374 
1.3755 
1.377 
1.3785 
1.38 
1.3815 
1.383 
1.3845 
1.386 
1.3875 
1.389 
1.3905 
1.392 
1.3935 
1.395 
1.3965 
1.398 
1.399 
1.4 
1.40133 
1.40267 
1.404 
1.4055 
1.407 
1.4085 
1.41 
1.4115 
1.413 
1.4145 
1.416 
1.4175 
1.419 
1.4205 
1.422 
1.4235 
1.425 
1.4265 
1.428 
1.4295 
1.431 
1.4325 
1.434 
1.4355 
1.437 
1.4385 
1.44 
1.4415 
1.443 
1.4445 
1.446 
1.4475 
1.449 
1.4505 
1.452 
1.4535 
1.455 
1.4565 
1.458 
1.4595 
1.461 
1.4625 
1.464 
1.4655 
1.467 
1.4685 
1.47 
1.4715 
1.473 
1.4745 
1.476 
1.4775 
1.479 
1.4805 
1.482 
1.4835 
1.485 
1.4865 
1.488 
1.4895 
1.491 
1.4925 
1.494 
1.4955 
1.497 
1.4985 
1.5 
1.5015 
1.503 
1.5045 
1.506 
1.5075 
1.509 
1.5105 
1.512 
1.5135 
1.515 
1.5165 
1.518 
1.5195 
1.521 
1.5225 
1.524 
1.5255 
1.527 
1.5285 
1.53 
1.5315 
1.533 
1.5345 
1.536 
1.5375 
1.539 
1.5405 
1.542 
1.5435 
1.545 
1.5465 
1.548 
1.5495 
1.551 
1.5525 
1.554 
1.5555 
1.557 
1.5585 
1.56 
1.5615 
1.563 
1.5645 
1.566 
1.5675 
1.569 
1.5705 
1.572 
1.5735 
1.575 
1.5765 
1.578 
1.5795 
1.581 
1.5825 
1.584 
1.5855 
1.587 
1.5885 
1.59 
1.5915 
1.593 
1.5945 
1.596 
1.59733 
1.59867 
1.6 
1.601 
1.602 
1.6035 
1.605 
1.6065 
1.608 
1.6095 
1.611 
1.6125 
1.614 
1.6155 
1.617 
1.6185 
1.62 
1.6215 
1.623 
1.6245 
1.626 
1.6275 
1.629 
1.6305 
1.632 
1.6335 
1.635 
1.6365 
1.638 
1.6395 
1.641 
1.6425 
1.644 
1.6455 
1.647 
1.6485 
1.65 
1.6515 
1.653 
1.6545 
1.656 
1.6575 
1.659 
1.6605 
1.662 
1.6635 
1.665 
1.6665 
1.668 
1.6695 
1.671 
1.6725 
1.674 
1.6755 
1.677 
1.6785 
1.68 
1.6815 
1.683 
1.6845 
1.686 
1.6875 
1.689 
1.6905 
1.692 
1.6935 
1.695 
1.6965 
1.698 
1.699 
1.7 
1.70133 
1.70267 
1.704 
1.7055 
1.707 
1.7085 
1.71 
1.7115 
1.713 
1.7145 
1.716 
1.7175 
1.719 
1.7205 
1.722 
1.7235 
1.725 
1.7265 
1.728 
1.7295 
1.731 
1.7325 
1.734 
1.7355 
1.737 
1.7385 
1.74 
1.7415 
1.743 
1.7445 
1.746 
1.7475 
1.749 
1.7505 
1.752 
1.7535 
1.755 
1.7565 
1.758 
1.7595 
1.761 
1.7625 
1.764 
1.7655 
1.767 
1.7685 
1.77 
1.7715 
1.773 
1.7745 
1.776 
1.7775 
1.779 
1.7805 
1.782 
1.7835 
1.785 
1.7865 
1.788 
1.7895 
1.791 
1.7925 
1.794 
1.7955 
1.797 
1.7985 
1.8 
1.8015 
1.803 
1.8045 
1.806 
1.8075 
1.809 
1.8105 
1.812 
1.8135 
1.815 
1.8165 
1.818 
1.8195 
1.821 
1.8225 
1.824 
1.8255 
1.827 
1.8285 
1.83 
1.8315 
1.833 
1.8345 
1.836 
1.8375 
1.839 
1.8405 
1.842 
1.8435 
1.845 
1.8465 
1.848 
1.8495 
1.851 
1.8525 
1.854 
1.8555 
1.857 
1.8585 
1.86 
1.8615 
1.863 
1.8645 
1.866 
1.8675 
1.869 
1.8705 
1.872 
1.8735 
1.875 
1.8765 
1.878 
1.8795 
1.881 
1.8825 
1.884 
1.8855 
1.887 
1.8885 
1.89 
1.8915 
1.893 
1.8945 
1.896 
1.89733 
1.89867 
1.9 
1.901 
1.902 
1.9035 
1.905 
1.9065 
1.908 
1.9095 
1.911 
1.9125 
1.914 
1.9155 
1.917 
1.9185 
1.92 
1.9215 
1.923 
1.9245 
1.926 
1.9275 
1.929 
1.9305 
1.932 
1.9335 
1.935 
1.9365 
1.938 
1.9395 
1.941 
1.9425 
1.944 
1.9455 
1.947 
1.9485 
1.95 
1.9515 
1.953 
1.9545 
1.956 
1.9575 
1.959 
1.9605 
1.962 
1.9635 
1.965 
1.9665 
1.968 
1.9695 
1.971 
1.9725 
1.974 
1.9755 
1.977 
1.9785 
1.98 
1.9815 
1.983 
1.9845 
1.986 
1.9875 
1.989 
1.9905 
1.992 
1.9935 
1.995 
1.9965 
1.998 
1.999 
2 
2.00133 
2.00267 
2.004 
2.0055 
2.007 
2.0085 
2.01 
2.0115 
2.013 
2.0145 
2.016 
2.0175 
2.019 
2.0205 
2.022 
2.0235 
2.025 
2.0265 
2.028 
2.0295 
2.031 
2.0325 
2.034 
2.0355 
2.037 
2.0385 
2.04 
2.0415 
2.043 
2.0445 
2.046 
2.0475 
2.049 
2.0505 
2.052 
2.0535 
2.055 
2.0565 
2.058 
2.0595 
2.061 
2.0625 
2.064 
2.0655 
2.067 
2.0685 
2.07 
2.0715 
2.073 
2.0745 
2.076 
2.0775 
2.079 
2.0805 
2.082 
2.0835 
2.085 
2.0865 
2.088 
2.0895 
2.091 
2.0925 
2.094 
2.0955 
2.097 
2.0985 
2.1 
2.1015 
2.103 
2.1045 
2.106 
2.1075 
2.109 
2.1105 
2.112 
2.1135 
2.115 
2.1165 
2.118 
2.1195 
2.121 
2.1225 
2.124 
2.1255 
2.127 
2.1285 
2.13 
2.1315 
2.133 
2.1345 
2.136 
2.1375 
2.139 
2.1405 
2.142 
2.1435 
2.145 
2.1465 
2.148 
2.1495 
2.151 
2.1525 
2.154 
2.1555 
2.157 
2.1585 
2.16 
2.1615 
2.163 
2.1645 
2.166 
2.1675 
2.169 
2.1705 
2.172 
2.1735 
2.175 
2.1765 
2.178 
2.1795 
2.181 
2.1825 
2.184 
2.1855 
2.187 
2.1885 
2.19 
2.1915 
2.193 
2.1945 
2.196 
2.19733 
2.19867 
2.2 
2.201 
2.202 
2.2035 
2.205 
2.2065 
2.208 
2.2095 
2.211 
2.2125 
2.214 
2.2155 
2.217 
2.2185 
2.22 
2.2215 
2.223 
2.2245 
2.226 
2.2275 
2.229 
2.2305 
2.232 
2.2335 
2.235 
2.2365 
2.238 
2.2395 
2.241 
2.2425 
2.244 
2.2455 
2.247 
2.2485 
2.25 
2.2515 
2.253 
2.2545 
2.256 
2.2575 
2.259 
2.2605 
2.262 
2.2635 
2.265 
2.2665 
2.268 
2.2695 
2.271 
2.2725 
2.274 
2.2755 
2.277 
2.2785 
2.28 
2.2815 
2.283 
2.2845 
2.286 
2.2875 
2.289 
2.2905 
2.292 
2.2935 
2.295 
2.2965 
2.298 
2.299 
2.3 
2.30133 
2.30267 
2.304 
2.3055 
2.307 
2.3085 
2.31 
2.3115 
2.313 
2.3145 
2.316 
2.3175 
2.319 
2.3205 
2.322 
2.3235 
2.325 
2.3265 
2.328 
2.3295 
2.331 
2.3325 
2.334 
2.3355 
2.337 
2.3385 
2.34 
2.3415 
2.343 
2.3445 
2.346 
2.3475 
2.349 
2.3505 
2.352 
2.3535 
2.355 
2.3565 
2.358 
2.3595 
2.361 
2.3625 
2.364 
2.3655 
2.367 
2.3685 
2.37 
2.3715 
2.373 
2.3745 
2.376 
2.3775 
2.379 
2.3805 
2.382 
2.3835 
2.385 
2.3865 
2.388 
2.3895 
2.391 
2.3925 
2.394 
2.3955 
2.397 
2.3985 
2.4 
2.4015 
2.403 
2.4045 
2.406 
2.4075 
2.409 
2.4105 
2.412 
2.4135 
2.415 
2.4165 
2.418 
2.4195 
2.421 
2.4225 
2.424 
2.4255 
2.427 
2.4285 
2.43 
2.4315 
2.433 
2.4345 
2.436 
2.4375 
2.439 
2.4405 
2.442 
2.4435 
2.445 
2.4465 
2.448 
2.4495 
2.451 
2.4525 
2.454 
2.4555 
2.457 
2.4585 
2.46 
2.4615 
2.463 
2.4645 
2.466 
2.4675 
2.469 
2.4705 
2.472 
2.4735 
2.475 
2.4765 
2.478 
2.4795 
2.481 
2.4825 
2.484 
2.4855 
2.487 
2.4885 
2.49 
2.4915 
2.493 
2.4945 
2.496 
2.49733 
2.49867 
2.5 
2.501 
2.502 
2.5035 
2.505 
2.5065 
2.508 
2.5095 
2.511 
2.5125 
2.514 
2.5155 
2.517 
2.5185 
2.52 
2.5215 
2.523 
2.5245 
2.526 
2.5275 
2.529 
2.5305 
2.532 
2.5335 
2.535 
2.5365 
2.538 
2.5395 
2.541 
2.5425 
2.544 
2.5455 
2.547 
2.5485 
2.55 
2.5515 
2.553 
2.5545 
2.556 
2.5575 
2.559 
2.5605 
2.562 
2.5635 
2.565 
2.5665 
2.568 
2.5695 
2.571 
2.5725 
2.574 
2.5755 
2.577 
2.5785 
2.58 
2.5815 
2.583 
2.5845 
2.586 
2.5875 
2.589 
2.5905 
2.592 
2.5935 
2.595 
2.5965 
2.598 
2.599 
2.6 
2.60133 
2.60267 
2.604 
2.6055 
2.607 
2.6085 
2.61 
2.6115 
2.613 
2.6145 
2.616 
2.6175 
2.619 
2.6205 
2.622 
2.6235 
2.625 
2.6265 
2.628 
2.6295 
2.631 
2.6325 
2.634 
2.6355 
2.637 
2.6385 
2.64 
2.6415 
2.643 
2.6445 
2.646 
2.6475 
2.649 
2.6505 
2.652 
2.6535 
2.655 
2.6565 
2.658 
2.6595 
2.661 
2.6625 
2.664 
2.6655 
2.667 
2.6685 
2.67 
2.6715 
2.673 
2.6745 
2.676 
2.6775 
2.679 
2.6805 
2.682 
2.6835 
2.685 
2.6865 
2.688 
2.6895 
2.691 
2.6925 
2.694 
2.6955 
2.697 
2.6985 
2.7 
2.7015 
2.703 
2.7045 
2.706 
2.7075 
2.709 
2.7105 
2.712 
2.7135 
2.715 
2.7165 
2.718 
2.7195 
2.721 
2.7225 
2.724 
2.7255 
2.727 
2.7285 
2.73 
2.7315 
2.733 
2.7345 
2.736 
2.7375 
2.739 
2.7405 
2.742 
2.7435 
2.745 
2.7465 
2.748 
2.7495 
2.751 
2.7525 
2.754 
2.7555 
2.757 
2.7585 
2.76 
2.7615 
2.763 
2.7645 
2.766 
2.7675 
2.769 
2.7705 
2.772 
2.7735 
2.775 
2.7765 
2.778 
2.7795 
2.781 
2.7825 
2.784 
2.7855 
2.787 
2.7885 
2.79 
2.7915 
2.793 
2.7945 
2.796 
2.79733 
2.79867 
2.8 
2.801 
2.802 
2.8035 
2.805 
2.8065 
2.808 
2.8095 
2.811 
2.8125 
2.814 
2.8155 
2.817 
2.8185 
2.82 
2.8215 
2.823 
2.8245 
2.826 
2.8275 
2.829 
2.8305 
2.832 
2.8335 
2.835 
2.8365 
2.838 
2.8395 
2.841 
2.8425 
2.844 
2.8455 
2.847 
2.8485 
2.85 
2.8515 
2.853 
2.8545 
2.856 
2.8575 
2.859 
2.8605 
2.862 
2.8635 
2.865 
2.8665 
2.868 
2.8695 
2.871 
2.8725 
2.874 
2.8755 
2.877 
2.8785 
2.88 
2.8815 
2.883 
2.8845 
2.886 
2.8875 
2.889 
2.8905 
2.892 
2.8935 
2.895 
2.8965 
2.898 
2.899 
2.9 
2.90133 
2.90267 
2.904 
2.9055 
2.907 
2.9085 
2.91 
2.9115 
2.913 
2.9145 
2.916 
2.9175 
2.919 
2.9205 
2.922 
2.9235 
2.925 
2.9265 
2.928 
2.9295 
2.931 
2.9325 
2.934 
2.9355 
2.937 
2.9385 
2.94 
2.9415 
2.943 
2.9445 
2.946 
2.9475 
2.949 
2.9505 
2.952 
2.9535 
2.955 
2.9565 
2.958 
2.9595 
2.961 
2.9625 
2.964 
2.9655 
2.967 
2.9685 
2.97 
2.9715 
2.973 
2.9745 
2.976 
2.9775 
2.979 
2.9805 
2.982 
2.9835 
2.985 
2.9865 
2.988 
2.9895 
2.991 
2.9925 
2.994 
2.9955 
2.997 
2.9985 
3 
i = 2026 t = 3

# Quadtree, 2026 steps, 82.3805 CPU, 60.14 real, 8.31e+04 points.step/s, 28 var
