0 0 0 0 0
0.1 0.0040185 0.0630359 0.0112867 0.098675
0.2 0.00295366 0.0550176 0.00826691 0.0734008
0.3 0.00460868 0.0616613 0.0129459 0.108199
0.4 0.00382432 0.0533662 0.0113386 0.098195
0.5 0.00290613 0.0473225 0.00831746 0.0730965
0.6 0.00453329 0.0546369 0.0128841 0.108914
0.7 0.00370762 0.048471 0.0113776 0.0996971
0.8 0.00284071 0.0452389 0.00831784 0.0736591
0.9 0.00436989 0.0502685 0.0128581 0.108438
1 0.00367342 0.0438973 0.0112345 0.0983342
1.1 0.00301546 0.0612153 0.00838963 0.0734812
1.2 0.00471611 0.0702645 0.0130848 0.108448
1.3 0.00389405 0.0607439 0.0114137 0.0977964
1.4 0.00306007 0.056084 0.00823594 0.0736201
1.5 0.00440106 0.066413 0.0125766 0.108427
1.6 0.00370693 0.0595289 0.0108364 0.0974064
1.7 0.00288156 0.052755 0.00803968 0.0749325
1.8 0.00413715 0.0619559 0.0123147 0.108559
1.9 0.00346536 0.0548552 0.0106737 0.0977767
2 0.00272766 0.0489548 0.00800317 0.0751619
2.1 0.00432428 0.0720474 0.0124253 0.108341
2.2 0.00366241 0.0636144 0.0108112 0.0975566
2.3 0.00291152 0.0547352 0.00804325 0.0749146
2.4 0.00418486 0.0708808 0.0123149 0.108775
2.5 0.00359977 0.065408 0.0107217 0.0972334
2.6 0.00278129 0.0551651 0.00801761 0.0748768
2.7 0.00408987 0.0685856 0.0121741 0.10894
2.8 0.00336419 0.0593763 0.0106098 0.0977168
2.9 0.00279868 0.0521302 0.00787945 0.0756512
3 0.00411711 0.0661387 0.0122934 0.10919
