2 0 -1 1
4 0.0072 -1.00018 1
4 0.021 -1.00093 1
4 0.036 -1.00178 1
2 0.051 -1.00255 1.00248
2 0.066 -1.00327 1.0032
2 0.081 -1.00397 1.0039
2 0.096 -1.00464 1.00458
2 0.1095 -1.00517 1.00511
2 0.1245 -1.00581 1.00577
2 0.1395 -1.00646 1.00643
2 0.1545 -1.00711 1.00709
2 0.1695 -1.00776 1.00775
2 0.1845 -1.00842 1.00842
2 0.199 -1.00905 1.00907
2 0.213 -1.00959 1.00962
2 0.228 -1.01024 1.01029
2 0.243 -1.01091 1.01097
2 0.258 -1.01158 1.01166
2 0.273 -1.01226 1.01235
2 0.288 -1.01293 1.01303
2 0.303 -1.0136 1.01372
2 0.318 -1.01426 1.01439
2 0.333 -1.01492 1.01506
2 0.348 -1.01558 1.01573
2 0.363 -1.01623 1.0164
2 0.378 -1.01688 1.01706
2 0.393 -1.01753 1.01773
2 0.4065 -1.01805 1.01826
2 0.4215 -1.01869 1.01891
2 0.4365 -1.01934 1.01957
2 0.4515 -1.01999 1.02024
2 0.4665 -1.02065 1.0209
2 0.4815 -1.0213 1.02157
2 0.4965 -1.02196 1.02224
2 0.51 -1.02249 1.02278
2 0.525 -1.02315 1.02346
2 0.54 -1.02381 1.02414
2 0.555 -1.02448 1.02482
2 0.57 -1.02515 1.02551
2 0.585 -1.02582 1.02619
2 0.6 -1.02649 1.02687
2 0.615 -1.02715 1.02755
2 0.63 -1.02781 1.02822
2 0.645 -1.02846 1.02889
2 0.66 -1.0291 1.02955
2 0.675 -1.02974 1.0302
2 0.69 -1.03038 1.03085
2 0.7035 -1.03089 1.03138
2 0.7185 -1.03151 1.032
2 0.7335 -1.03214 1.03264
2 0.7485 -1.03276 1.03327
2 0.7635 -1.03337 1.0339
2 0.7785 -1.03399 1.03453
2 0.7935 -1.0346 1.03516
2 0.807 -1.03509 1.03565
2 0.822 -1.0357 1.03627
2 0.837 -1.03631 1.03689
2 0.852 -1.03692 1.03751
2 0.867 -1.03753 1.03813
2 0.882 -1.03814 1.03874
2 0.897 -1.03874 1.03935
2 0.912 -1.03934 1.03996
2 0.927 -1.03994 1.04057
2 0.942 -1.04054 1.04117
2 0.957 -1.04114 1.04178
2 0.972 -1.04173 1.04238
2 0.987 -1.04233 1.04298
2 1.001 -1.04287 1.04353
2 1.0155 -1.0438 1.04447
2 1.0305 -1.04456 1.04529
2 1.0455 -1.04525 1.04602
2 1.0605 -1.04594 1.04669
2 1.0755 -1.0466 1.04735
2 1.0905 -1.04725 1.04799
2 1.104 -1.04772 1.04847
2 1.119 -1.04836 1.04911
2 1.134 -1.04899 1.04975
2 1.149 -1.04962 1.05038
2 1.164 -1.05023 1.051
2 1.179 -1.05085 1.05162
2 1.194 -1.05146 1.05224
2 1.209 -1.05207 1.05286
2 1.224 -1.05268 1.05349
2 1.239 -1.05328 1.05411
2 1.254 -1.0539 1.05474
2 1.269 -1.05451 1.05537
2 1.284 -1.05513 1.056
2 1.29867 -1.05572 1.05664
2 1.3125 -1.05622 1.05716
2 1.3275 -1.05687 1.05782
2 1.3425 -1.05751 1.05847
2 1.3575 -1.05814 1.05911
2 1.3725 -1.05877 1.05974
2 1.3875 -1.05939 1.06037
2 1.40133 -1.05991 1.06091
2 1.416 -1.06047 1.06148
2 1.431 -1.06108 1.0621
3 1.446 -1.06168 1.0625
3 1.461 -1.06228 1.0625
4 1.476 -1.06286 1.0625
3 1.491 -1.06344 1.06454
3 1.506 -1.06401 1.06512
2 1.521 -1.06457 1.0657
2 1.536 -1.06512 1.06627
2 1.551 -1.06568 1.06684
2 1.566 -1.06622 1.06741
2 1.581 -1.06676 1.06797
2 1.596 -1.0673 1.06852
2 1.6095 -1.06771 1.06896
2 1.6245 -1.06823 1.06951
2 1.6395 -1.06875 1.07007
2 1.6545 -1.06927 1.07063
2 1.6695 -1.06979 1.07118
2 1.6845 -1.07032 1.07174
2 1.699 -1.07083 1.07227
2 1.713 -1.07126 1.07272
2 1.728 -1.07177 1.07326
2 1.743 -1.07229 1.0738
2 1.758 -1.07281 1.07434
2 1.773 -1.07333 1.07488
2 1.788 -1.07384 1.07542
2 1.803 -1.07435 1.07596
2 1.818 -1.07486 1.07649
2 1.833 -1.07536 1.07703
2 1.848 -1.07587 1.07756
2 1.863 -1.07637 1.07809
2 1.878 -1.07687 1.07862
2 1.893 -1.07736 1.07915
2 1.9065 -1.07775 1.07957
2 1.9215 -1.07824 1.08009
2 1.9365 -1.07873 1.08061
2 1.9515 -1.07921 1.08113
2 1.9665 -1.0797 1.08165
2 1.9815 -1.08019 1.08217
2 1.9965 -1.08067 1.08269
2 2.01 -1.08079 1.08279
2 2.025 -1.08107 1.08305
2 2.04 -1.08148 1.08348
2 2.055 -1.08195 1.08397
2 2.07 -1.08243 1.08448
2 2.085 -1.08291 1.085
2 2.1 -1.0834 1.08553
2 2.115 -1.08389 1.08606
2 2.13 -1.08437 1.08659
2 2.145 -1.08485 1.08712
2 2.16 -1.08533 1.08764
2 2.175 -1.08581 1.08817
2 2.19 -1.08629 1.0887
2 2.2035 -1.08673 1.0892
2 2.2185 -1.08715 1.08966
2 2.2335 -1.08762 1.09017
2 2.2485 -1.08809 1.09068
2 2.2635 -1.08858 1.09119
2 2.2785 -1.08906 1.09169
2 2.2935 -1.08955 1.09219
2 2.307 -1.08996 1.09263
2 2.322 -1.09042 1.0931
2 2.337 -1.09089 1.09358
2 2.352 -1.09136 1.09407
2 2.367 -1.09184 1.09456
2 2.382 -1.09231 1.09587
2 2.397 -1.09279 1.09664
2 2.412 -1.09326 1.09724
2 2.427 -1.09374 1.09779
2 2.442 -1.09421 1.0983
2 2.457 -1.09491 1.0988
2 2.472 -1.09595 1.09937
2 2.487 -1.09662 1.09993
2 2.501 -1.09712 1.10042
2 2.5155 -1.09757 1.10086
2 2.5305 -1.09806 1.10137
2 2.5455 -1.09854 1.10187
2 2.5605 -1.09904 1.10237
2 2.5755 -1.09958 1.10286
2 2.5905 -1.10009 1.10334
2 2.604 -1.10047 1.10371
2 2.619 -1.10094 1.10419
2 2.634 -1.10142 1.10468
2 2.649 -1.10188 1.10516
2 2.664 -1.10235 1.10564
2 2.679 -1.1028 1.10612
2 2.694 -1.10326 1.10661
2 2.709 -1.10371 1.10711
2 2.724 -1.10416 1.1076
2 2.739 -1.10461 1.10809
2 2.754 -1.10506 1.10859
2 2.769 -1.10551 1.10908
2 2.784 -1.10596 1.10958
2 2.79867 -1.1064 1.11006
2 2.8125 -1.10676 1.11046
2 2.8275 -1.10723 1.11096
2 2.8425 -1.10769 1.11147
2 2.8575 -1.10815 1.11197
2 2.8725 -1.10862 1.11247
2 2.8875 -1.10908 1.11297
2 2.90133 -1.10948 1.11341
2 2.916 -1.1099 1.11386
2 2.931 -1.11036 1.11436
2 2.946 -1.11083 1.11485
2 2.961 -1.1113 1.11534
2 2.976 -1.11176 1.11582
2 2.991 -1.11223 1.1163
