0 0 0 0 0
0.1 0.00346465 0.0701719 0.00985585 0.106558
0.2 0.00343999 0.0675856 0.00986215 0.106336
0.3 0.00344462 0.0652625 0.00991329 0.106033
0.4 0.00339115 0.06328 0.00988463 0.106751
0.5 0.00338378 0.0625108 0.00993472 0.10683
0.6 0.00333358 0.0597148 0.0098853 0.107547
0.7 0.00336059 0.0594843 0.00986226 0.107252
0.8 0.00327026 0.0571957 0.00984781 0.106674
0.9 0.00330059 0.0568309 0.0098177 0.106007
1 0.00325252 0.0548064 0.0096946 0.104552
1.1 0.00345923 0.0801517 0.00975044 0.105968
1.2 0.00341039 0.0771722 0.0096578 0.105531
1.3 0.00337844 0.074844 0.0096013 0.106263
1.4 0.00337961 0.0721971 0.00959062 0.105474
1.5 0.00333882 0.0710347 0.00960288 0.105364
1.6 0.00331856 0.0691142 0.00958522 0.105331
1.7 0.00326022 0.0683328 0.00954133 0.106264
1.8 0.00324114 0.065986 0.00953324 0.105197
1.9 0.00321993 0.0644071 0.00950551 0.105279
2 0.00320662 0.0633205 0.00947348 0.105564
2.1 0.00340869 0.08247 0.00955138 0.105546
2.2 0.00347161 0.0807992 0.00957075 0.105413
2.3 0.00344705 0.0787269 0.00952109 0.105383
2.4 0.00342773 0.076521 0.00953314 0.105421
2.5 0.00342076 0.0742781 0.00954076 0.105493
2.6 0.0033911 0.0727396 0.00954037 0.105463
2.7 0.00336141 0.0713416 0.00953256 0.10544
2.8 0.00329257 0.0696504 0.00950485 0.105402
2.9 0.00325253 0.0675881 0.00949039 0.105671
3 0.00321724 0.0662488 0.00948306 0.105644
