2 0 -1 1
4 0.0029238 -1.00006 1
4 0.00763636 -1.00022 1
4 0.0132 -1.00042 1
2 0.0193333 -1.00066 1.00064
2 0.026 -1.00094 1.0009
2 0.0326667 -1.0012 1.00116
2 0.0393333 -1.00146 1.00141
2 0.046 -1.00171 1.00166
2 0.0526667 -1.00196 1.00191
2 0.0593333 -1.00222 1.00216
2 0.066 -1.00246 1.00241
2 0.0726667 -1.00271 1.00265
2 0.0793333 -1.00295 1.00289
2 0.086 -1.00319 1.00313
2 0.0926667 -1.00343 1.00336
2 0.0993333 -1.00366 1.0036
2 0.106 -1.00389 1.00383
2 0.112667 -1.00412 1.00407
2 0.119333 -1.00435 1.0043
2 0.126 -1.00458 1.00453
2 0.132667 -1.00481 1.00476
2 0.139333 -1.00504 1.00499
2 0.146 -1.00527 1.00521
2 0.152667 -1.00549 1.00544
2 0.159333 -1.00571 1.00566
2 0.166 -1.00594 1.00589
2 0.172667 -1.00616 1.00611
2 0.179333 -1.00639 1.00634
2 0.186 -1.00661 1.00656
2 0.192667 -1.00683 1.00679
2 0.199333 -1.00705 1.00701
2 0.206 -1.00728 1.00723
2 0.212667 -1.0075 1.00746
2 0.219333 -1.00772 1.00768
2 0.226 -1.00794 1.0079
2 0.232667 -1.00816 1.00812
2 0.239333 -1.00837 1.00834
2 0.246 -1.00859 1.00856
2 0.252667 -1.00881 1.00878
2 0.259333 -1.00903 1.009
2 0.266 -1.00924 1.00922
2 0.272667 -1.00946 1.00944
2 0.279333 -1.00968 1.00966
2 0.286 -1.0099 1.00988
2 0.292667 -1.01011 1.0101
2 0.299333 -1.01033 1.01032
2 0.306 -1.01054 1.01054
2 0.312667 -1.01076 1.01076
2 0.319333 -1.01097 1.01098
2 0.326 -1.01119 1.0112
2 0.332667 -1.0114 1.01141
2 0.339333 -1.01162 1.01163
2 0.346 -1.01183 1.01185
2 0.352667 -1.01204 1.01206
2 0.359333 -1.01225 1.01228
2 0.366 -1.01246 1.01249
2 0.372667 -1.01268 1.01271
2 0.379333 -1.01289 1.01292
2 0.386 -1.0131 1.01313
2 0.392667 -1.01331 1.01335
2 0.399333 -1.01352 1.01356
2 0.406 -1.01373 1.01377
2 0.412667 -1.01394 1.01398
2 0.419333 -1.01414 1.01419
2 0.426 -1.01435 1.01441
2 0.432667 -1.01456 1.01462
2 0.439333 -1.01477 1.01483
2 0.446 -1.01497 1.01503
2 0.452667 -1.01518 1.01524
2 0.459333 -1.01539 1.01545
2 0.466 -1.01559 1.01566
2 0.472667 -1.0158 1.01587
2 0.479333 -1.016 1.01607
2 0.486 -1.0162 1.01628
2 0.492667 -1.01641 1.01648
2 0.499333 -1.01661 1.01669
2 0.506 -1.01681 1.0169
2 0.512667 -1.01701 1.0171
2 0.519333 -1.01722 1.01731
2 0.526 -1.01742 1.01751
2 0.532667 -1.01762 1.01772
2 0.539333 -1.01782 1.01792
2 0.546 -1.01802 1.01813
2 0.552667 -1.01823 1.01833
2 0.559333 -1.01843 1.01853
2 0.566 -1.01863 1.01874
2 0.572667 -1.01883 1.01894
2 0.579333 -1.01904 1.01915
2 0.586 -1.01924 1.01935
2 0.592667 -1.01944 1.01956
2 0.599333 -1.01964 1.01976
2 0.606 -1.01984 1.01997
2 0.612667 -1.02005 1.02017
2 0.619333 -1.02025 1.02038
2 0.626 -1.02045 1.02058
2 0.632667 -1.02065 1.02079
2 0.639333 -1.02085 1.02099
2 0.646 -1.02105 1.02119
2 0.652667 -1.02125 1.0214
2 0.659333 -1.02145 1.0216
2 0.666 -1.02165 1.0218
2 0.672667 -1.02185 1.022
2 0.679333 -1.02205 1.0222
2 0.686 -1.02225 1.02241
2 0.692667 -1.02244 1.02261
2 0.699333 -1.02264 1.02281
2 0.706 -1.02284 1.02301
2 0.712667 -1.02304 1.02321
2 0.719333 -1.02323 1.02341
2 0.726 -1.02343 1.02361
2 0.732667 -1.02363 1.02381
2 0.739333 -1.02382 1.02401
2 0.746 -1.02402 1.02421
2 0.752667 -1.02422 1.02441
2 0.759333 -1.02441 1.0246
2 0.766 -1.02461 1.0248
2 0.772667 -1.0248 1.025
2 0.779333 -1.025 1.02519
2 0.786 -1.02519 1.02539
2 0.792667 -1.02539 1.02558
2 0.799333 -1.02558 1.02578
2 0.806 -1.02577 1.02597
2 0.812667 -1.02597 1.02617
2 0.819333 -1.02616 1.02636
2 0.826 -1.02636 1.02656
2 0.832667 -1.02655 1.02675
2 0.839333 -1.02674 1.02695
2 0.846 -1.02694 1.02715
2 0.852667 -1.02713 1.02734
2 0.859333 -1.02732 1.02753
2 0.866 -1.02751 1.02773
2 0.872667 -1.02771 1.02792
2 0.879333 -1.0279 1.02812
2 0.886 -1.02809 1.02831
2 0.892667 -1.02828 1.0285
2 0.899333 -1.02847 1.02869
2 0.906 -1.02866 1.02889
2 0.912667 -1.02885 1.02908
2 0.919333 -1.02904 1.02927
2 0.926 -1.02923 1.02946
2 0.932667 -1.02942 1.02965
2 0.939333 -1.0296 1.02984
2 0.946 -1.02979 1.03003
2 0.952667 -1.02998 1.03022
2 0.959333 -1.03016 1.0304
2 0.966 -1.03035 1.03059
2 0.972667 -1.03053 1.03077
2 0.979333 -1.03071 1.03096
2 0.986 -1.03089 1.03114
3 0.992667 -1.03107 1.03125
3 0.999333 -1.03124 1.03125
3 1.006 -1.03154 1.03179
2 1.01267 -1.03183 1.03208
2 1.01933 -1.03207 1.03232
2 1.026 -1.03228 1.03254
2 1.03267 -1.03248 1.03275
2 1.03933 -1.03267 1.03295
2 1.046 -1.03286 1.03315
2 1.05267 -1.03305 1.03335
2 1.05933 -1.03324 1.03355
2 1.066 -1.03343 1.03374
2 1.07267 -1.03362 1.03394
2 1.07933 -1.03381 1.03413
2 1.086 -1.03399 1.03433
2 1.09267 -1.03418 1.03452
2 1.09933 -1.03436 1.03471
2 1.106 -1.03455 1.0349
2 1.11267 -1.03473 1.03509
2 1.11933 -1.03491 1.03528
2 1.126 -1.0351 1.03547
2 1.13267 -1.03528 1.03566
2 1.13933 -1.03546 1.03585
2 1.146 -1.03564 1.03604
2 1.15267 -1.03583 1.03623
2 1.15933 -1.03601 1.03641
2 1.166 -1.03619 1.0366
2 1.17267 -1.03637 1.03679
2 1.17933 -1.03655 1.03698
2 1.186 -1.03674 1.03718
2 1.19267 -1.03692 1.03737
2 1.19933 -1.0371 1.03755
2 1.206 -1.03728 1.03774
2 1.21267 -1.03747 1.03793
2 1.21933 -1.03765 1.03812
2 1.226 -1.03783 1.0383
2 1.23267 -1.03801 1.03849
2 1.23933 -1.03819 1.03868
2 1.246 -1.03837 1.03886
2 1.25267 -1.03855 1.03905
2 1.25933 -1.03872 1.03923
2 1.266 -1.0389 1.03942
2 1.27267 -1.03908 1.0396
2 1.27933 -1.03925 1.03978
2 1.286 -1.03943 1.03997
2 1.29267 -1.03961 1.04015
2 1.29933 -1.03978 1.04033
2 1.306 -1.03996 1.04051
2 1.31267 -1.04013 1.0407
2 1.31933 -1.04031 1.04088
2 1.326 -1.04048 1.04106
2 1.33267 -1.04066 1.04124
2 1.33933 -1.04083 1.04142
2 1.346 -1.04101 1.0416
2 1.35267 -1.04118 1.04178
2 1.35933 -1.04136 1.04197
2 1.366 -1.04153 1.04215
2 1.37267 -1.0417 1.04233
2 1.37933 -1.04188 1.04251
2 1.386 -1.04205 1.04269
2 1.39267 -1.04223 1.04287
2 1.39933 -1.0424 1.04305
2 1.406 -1.04257 1.04323
2 1.41267 -1.04275 1.04341
2 1.41933 -1.04292 1.04359
2 1.426 -1.04309 1.04377
2 1.43267 -1.04326 1.04395
2 1.43933 -1.04344 1.04412
2 1.446 -1.04361 1.0443
2 1.45267 -1.04378 1.04448
2 1.45933 -1.04395 1.04465
2 1.466 -1.04412 1.04483
2 1.47267 -1.04429 1.045
2 1.47933 -1.04446 1.04518
2 1.486 -1.04463 1.04535
2 1.49267 -1.0448 1.04553
2 1.49933 -1.04497 1.0457
2 1.506 -1.04513 1.04587
2 1.51267 -1.0453 1.04604
2 1.51933 -1.04547 1.04622
2 1.526 -1.04564 1.04639
2 1.53267 -1.0458 1.04656
2 1.53933 -1.04597 1.04673
2 1.546 -1.04613 1.0469
2 1.55267 -1.0463 1.04707
2 1.55933 -1.04646 1.04724
2 1.566 -1.04663 1.04741
2 1.57267 -1.04679 1.04758
2 1.57933 -1.04695 1.04775
2 1.586 -1.04712 1.04792
2 1.59267 -1.04728 1.04809
2 1.59933 -1.04744 1.04826
2 1.606 -1.0476 1.04842
2 1.61267 -1.04776 1.04859
2 1.61933 -1.04792 1.04876
2 1.626 -1.04809 1.04892
2 1.63267 -1.04825 1.04909
2 1.63933 -1.0484 1.04925
2 1.646 -1.04856 1.04942
2 1.65267 -1.04872 1.04958
2 1.65933 -1.04888 1.04975
2 1.666 -1.04904 1.04991
2 1.67267 -1.0492 1.05008
2 1.67933 -1.04936 1.05024
2 1.686 -1.04952 1.05041
2 1.69267 -1.04968 1.05057
2 1.69933 -1.04984 1.05074
2 1.706 -1.05 1.0509
2 1.71267 -1.05016 1.05106
2 1.71933 -1.05031 1.05123
2 1.726 -1.05047 1.05139
2 1.73267 -1.05063 1.05156
2 1.73933 -1.05079 1.05172
2 1.746 -1.05095 1.05188
2 1.75267 -1.0511 1.05205
2 1.75933 -1.05126 1.05221
2 1.766 -1.05142 1.05238
2 1.77267 -1.05158 1.05254
2 1.77933 -1.05174 1.0527
2 1.786 -1.0519 1.05287
2 1.79267 -1.05205 1.05303
2 1.79933 -1.05221 1.05319
2 1.806 -1.05237 1.05336
2 1.81267 -1.05253 1.05352
2 1.81933 -1.05269 1.05368
2 1.826 -1.05284 1.05385
2 1.83267 -1.053 1.05401
2 1.83933 -1.05316 1.05417
2 1.846 -1.05331 1.05434
2 1.85267 -1.05347 1.0545
2 1.85933 -1.05363 1.05466
2 1.866 -1.05378 1.05483
2 1.87267 -1.05394 1.05499
2 1.87933 -1.0541 1.05515
2 1.886 -1.05425 1.05531
2 1.89267 -1.05441 1.05548
2 1.89933 -1.05457 1.05564
2 1.906 -1.05472 1.0558
2 1.91267 -1.05488 1.05596
2 1.91933 -1.05504 1.05612
2 1.926 -1.05519 1.05629
2 1.93267 -1.05535 1.05645
2 1.93933 -1.05551 1.05661
2 1.946 -1.05566 1.05677
2 1.95267 -1.05582 1.05693
2 1.95933 -1.05597 1.0571
2 1.966 -1.05613 1.05726
2 1.97267 -1.05629 1.05742
2 1.97933 -1.05644 1.05758
2 1.986 -1.0566 1.05774
2 1.99267 -1.05675 1.0579
2 1.99933 -1.05691 1.05806
2 2.006 -1.0572 1.05835
2 2.01267 -1.05746 1.05862
2 2.01933 -1.05767 1.05884
2 2.026 -1.05786 1.05903
2 2.03267 -1.05804 1.05922
2 2.03933 -1.05821 1.05939
2 2.046 -1.05837 1.05956
2 2.05267 -1.05854 1.05973
2 2.05933 -1.0587 1.0599
2 2.066 -1.05886 1.06007
2 2.07267 -1.05902 1.06023
2 2.07933 -1.05917 1.0604
2 2.086 -1.05933 1.06057
2 2.09267 -1.05949 1.06073
2 2.09933 -1.05965 1.0609
2 2.106 -1.05981 1.06106
2 2.11267 -1.05997 1.06122
2 2.11933 -1.06012 1.06139
2 2.126 -1.06028 1.06155
2 2.13267 -1.06044 1.06171
2 2.13933 -1.06059 1.06188
2 2.146 -1.06075 1.06204
2 2.15267 -1.06091 1.06221
2 2.15933 -1.06106 1.06237
3 2.166 -1.06122 1.0625
3 2.17267 -1.06137 1.0625
3 2.17933 -1.06152 1.0625
2 2.186 -1.06168 1.063
2 2.19267 -1.06183 1.06315
2 2.19933 -1.06199 1.06331
2 2.206 -1.06215 1.06346
2 2.21267 -1.0623 1.06361
2 2.21933 -1.06245 1.06377
3 2.226 -1.0626 1.06393
3 2.23267 -1.06275 1.06408
3 2.23933 -1.0629 1.06424
2 2.246 -1.06305 1.06441
2 2.25267 -1.06319 1.06457
2 2.25933 -1.06334 1.06473
2 2.266 -1.06348 1.06489
2 2.27267 -1.06363 1.06505
2 2.27933 -1.06378 1.06521
2 2.286 -1.06392 1.06538
2 2.29267 -1.06407 1.06554
2 2.29933 -1.06422 1.0657
2 2.306 -1.06437 1.06586
2 2.31267 -1.06453 1.06602
2 2.31933 -1.06468 1.06618
2 2.326 -1.06483 1.06634
2 2.33267 -1.06499 1.0665
2 2.33933 -1.06514 1.06666
2 2.346 -1.06529 1.06682
2 2.35267 -1.06545 1.06698
2 2.35933 -1.0656 1.06714
2 2.366 -1.06575 1.0673
2 2.37267 -1.06591 1.06747
2 2.37933 -1.06606 1.06763
2 2.386 -1.06621 1.06779
2 2.39267 -1.06636 1.06795
2 2.39933 -1.06652 1.06811
2 2.406 -1.06667 1.06827
2 2.41267 -1.06682 1.06844
2 2.41933 -1.06698 1.0686
2 2.426 -1.06713 1.06876
2 2.43267 -1.06729 1.06892
2 2.43933 -1.06744 1.06908
2 2.446 -1.06759 1.06924
2 2.45267 -1.06775 1.0694
2 2.45933 -1.0679 1.06955
2 2.466 -1.06805 1.06971
2 2.47267 -1.06821 1.06987
2 2.47933 -1.06836 1.07003
2 2.486 -1.06851 1.07019
2 2.49267 -1.06866 1.07035
2 2.49933 -1.06881 1.0705
2 2.506 -1.06897 1.07066
2 2.51267 -1.06912 1.07082
2 2.51933 -1.06927 1.07098
2 2.526 -1.06942 1.07113
2 2.53267 -1.06957 1.07129
2 2.53933 -1.06972 1.07145
2 2.546 -1.06988 1.0716
2 2.55267 -1.07003 1.07176
2 2.55933 -1.07018 1.07192
2 2.566 -1.07033 1.07207
2 2.57267 -1.07048 1.07223
2 2.57933 -1.07063 1.07239
2 2.586 -1.07078 1.07254
2 2.59267 -1.07093 1.0727
2 2.59933 -1.07108 1.07285
2 2.606 -1.07123 1.07301
2 2.61267 -1.07138 1.07316
2 2.61933 -1.07153 1.07331
2 2.626 -1.07168 1.07347
2 2.63267 -1.07183 1.07362
2 2.63933 -1.07198 1.07378
2 2.646 -1.07213 1.07393
2 2.65267 -1.07228 1.07409
2 2.65933 -1.07243 1.07424
2 2.666 -1.07258 1.07439
2 2.67267 -1.07273 1.07455
2 2.67933 -1.07287 1.0747
2 2.686 -1.07302 1.07485
2 2.69267 -1.07317 1.07501
2 2.69933 -1.07332 1.07516
2 2.706 -1.07347 1.07531
2 2.71267 -1.07361 1.07546
2 2.71933 -1.07376 1.07561
2 2.726 -1.07391 1.07577
2 2.73267 -1.07405 1.07592
2 2.73933 -1.0742 1.07607
2 2.746 -1.07435 1.07622
2 2.75267 -1.07449 1.07637
2 2.75933 -1.07464 1.07652
2 2.766 -1.07478 1.07667
2 2.77267 -1.07493 1.07682
2 2.77933 -1.07508 1.07697
2 2.786 -1.07522 1.07713
2 2.79267 -1.07537 1.07728
2 2.79933 -1.07551 1.07743
2 2.806 -1.07566 1.07758
2 2.81267 -1.0758 1.07773
2 2.81933 -1.07595 1.07788
2 2.826 -1.07609 1.07803
2 2.83267 -1.07624 1.07818
2 2.83933 -1.07638 1.07833
2 2.846 -1.07652 1.07848
2 2.85267 -1.07667 1.07863
2 2.85933 -1.07681 1.07879
2 2.866 -1.07695 1.07894
2 2.87267 -1.0771 1.07909
2 2.87933 -1.07724 1.07924
2 2.886 -1.07738 1.07939
2 2.89267 -1.07753 1.07954
2 2.89933 -1.07767 1.07969
2 2.906 -1.07781 1.07984
2 2.91267 -1.07795 1.07999
2 2.91933 -1.07809 1.08014
2 2.926 -1.07823 1.08029
2 2.93267 -1.07838 1.08044
2 2.93933 -1.07852 1.08059
2 2.946 -1.07866 1.08074
2 2.95267 -1.0788 1.08089
2 2.95933 -1.07894 1.08104
2 2.966 -1.07908 1.08119
2 2.97267 -1.07922 1.08135
2 2.97933 -1.07936 1.0815
2 2.986 -1.0795 1.08165
2 2.99267 -1.07965 1.0818
2 2.99933 -1.07979 1.08195
