2 0 -1 1
4 0.000378269 -1.00001 1
4 0.00106023 -1.00002 1
2 0.00185669 -1.00005 1.00005
2 0.0026964 -1.00008 1.00008
2 0.00354348 -1.00011 1.0001
2 0.00439055 -1.00014 1.00013
2 0.00523763 -1.00016 1.00016
2 0.00608696 -1.00019 1.00019
2 0.00695652 -1.00022 1.00021
2 0.00782609 -1.00025 1.00024
2 0.00869565 -1.00028 1.00027
2 0.00956522 -1.00031 1.0003
2 0.0104348 -1.00033 1.00032
2 0.0113043 -1.00036 1.00035
2 0.0121739 -1.00039 1.00038
2 0.0130435 -1.00041 1.0004
2 0.013913 -1.00044 1.00043
2 0.0147826 -1.00046 1.00045
2 0.0156522 -1.00049 1.00048
2 0.0165217 -1.00051 1.0005
2 0.0173913 -1.00054 1.00052
2 0.0182609 -1.00056 1.00055
2 0.0191304 -1.00059 1.00057
2 0.02 -1.00061 1.00059
2 0.0208696 -1.00064 1.00062
2 0.0217391 -1.00066 1.00064
2 0.0226087 -1.00068 1.00066
2 0.0234783 -1.00071 1.00069
2 0.0243478 -1.00073 1.00071
2 0.0252174 -1.00075 1.00073
2 0.026087 -1.00077 1.00075
2 0.0269565 -1.0008 1.00077
2 0.0278261 -1.00082 1.0008
2 0.0286957 -1.00084 1.00082
2 0.0295652 -1.00086 1.00084
2 0.0304348 -1.00088 1.00086
2 0.0313043 -1.00091 1.00088
2 0.0321739 -1.00093 1.0009
2 0.0330435 -1.00095 1.00092
2 0.033913 -1.00097 1.00094
2 0.0347826 -1.00099 1.00097
2 0.0356522 -1.00101 1.00099
2 0.0365217 -1.00103 1.00101
2 0.0373913 -1.00105 1.00103
2 0.0382609 -1.00108 1.00105
2 0.0391304 -1.0011 1.00107
2 0.04 -1.00112 1.00109
2 0.0408696 -1.00114 1.00111
2 0.0417391 -1.00116 1.00113
2 0.0426087 -1.00118 1.00115
2 0.0434783 -1.0012 1.00117
2 0.0443478 -1.00122 1.00119
2 0.0452174 -1.00124 1.00121
2 0.046087 -1.00126 1.00123
2 0.0469565 -1.00128 1.00125
2 0.0478261 -1.0013 1.00127
2 0.0486957 -1.00132 1.00129
2 0.0495652 -1.00134 1.0013
2 0.0504348 -1.00136 1.00132
2 0.0513043 -1.00138 1.00134
2 0.0521739 -1.0014 1.00136
2 0.0530435 -1.00142 1.00138
2 0.053913 -1.00144 1.0014
2 0.0547826 -1.00146 1.00142
2 0.0556522 -1.00147 1.00144
2 0.0565217 -1.00149 1.00146
2 0.0573913 -1.00151 1.00148
2 0.0582609 -1.00153 1.0015
2 0.0591304 -1.00155 1.00151
2 0.06 -1.00157 1.00153
2 0.0608696 -1.00159 1.00155
2 0.0617391 -1.00161 1.00157
2 0.0626087 -1.00163 1.00159
2 0.0634783 -1.00165 1.00161
2 0.0643478 -1.00166 1.00163
2 0.0652174 -1.00168 1.00164
2 0.066087 -1.0017 1.00166
2 0.0669565 -1.00172 1.00168
2 0.0678261 -1.00174 1.0017
2 0.0686957 -1.00176 1.00172
2 0.0695652 -1.00178 1.00174
2 0.0704348 -1.00179 1.00175
2 0.0713043 -1.00181 1.00177
2 0.0721739 -1.00183 1.00179
2 0.0730435 -1.00185 1.00181
2 0.073913 -1.00187 1.00183
2 0.0747826 -1.00189 1.00184
2 0.0756522 -1.0019 1.00186
2 0.0765217 -1.00192 1.00188
2 0.0773913 -1.00194 1.0019
2 0.0782609 -1.00196 1.00192
2 0.0791304 -1.00198 1.00193
2 0.08 -1.00199 1.00195
2 0.0808696 -1.00201 1.00197
2 0.0817391 -1.00203 1.00199
2 0.0826087 -1.00205 1.002
2 0.0834783 -1.00207 1.00202
2 0.0843478 -1.00208 1.00204
2 0.0852174 -1.0021 1.00206
2 0.086087 -1.00212 1.00207
2 0.0869565 -1.00214 1.00209
2 0.0878261 -1.00215 1.00211
2 0.0886957 -1.00217 1.00213
2 0.0895652 -1.00219 1.00214
2 0.0904348 -1.00221 1.00216
2 0.0913043 -1.00222 1.00218
2 0.0921739 -1.00224 1.0022
2 0.0930435 -1.00226 1.00221
2 0.093913 -1.00228 1.00223
2 0.0947826 -1.00229 1.00225
2 0.0956522 -1.00231 1.00226
2 0.0965217 -1.00233 1.00228
2 0.0973913 -1.00235 1.0023
2 0.0982609 -1.00236 1.00232
2 0.0991304 -1.00238 1.00233
2 0.1 -1.0024 1.00235
2 0.10087 -1.00241 1.00237
2 0.101739 -1.00243 1.00238
2 0.102609 -1.00245 1.0024
2 0.103478 -1.00247 1.00242
2 0.104348 -1.00248 1.00243
2 0.105217 -1.0025 1.00245
2 0.106087 -1.00252 1.00247
2 0.106957 -1.00253 1.00248
2 0.107826 -1.00255 1.0025
2 0.108696 -1.00257 1.00252
2 0.109565 -1.00258 1.00253
2 0.110435 -1.0026 1.00255
2 0.111304 -1.00262 1.00257
2 0.112174 -1.00263 1.00258
2 0.113043 -1.00265 1.0026
2 0.113913 -1.00267 1.00262
2 0.114783 -1.00268 1.00263
2 0.115652 -1.0027 1.00265
2 0.116522 -1.00272 1.00267
2 0.117391 -1.00273 1.00268
2 0.118261 -1.00275 1.0027
2 0.11913 -1.00277 1.00272
2 0.12 -1.00278 1.00273
2 0.12087 -1.0028 1.00275
2 0.121739 -1.00282 1.00277
2 0.122609 -1.00283 1.00278
2 0.123478 -1.00285 1.0028
2 0.124348 -1.00287 1.00281
2 0.125217 -1.00288 1.00283
2 0.126087 -1.0029 1.00285
2 0.126957 -1.00292 1.00286
2 0.127826 -1.00293 1.00288
2 0.128696 -1.00295 1.0029
2 0.129565 -1.00297 1.00291
2 0.130435 -1.00298 1.00293
2 0.131304 -1.003 1.00294
2 0.132174 -1.00301 1.00296
2 0.133043 -1.00303 1.00298
2 0.133913 -1.00305 1.00299
2 0.134783 -1.00306 1.00301
2 0.135652 -1.00308 1.00302
2 0.136522 -1.0031 1.00304
2 0.137391 -1.00311 1.00306
2 0.138261 -1.00313 1.00307
2 0.13913 -1.00314 1.00309
2 0.14 -1.00316 1.0031
2 0.14087 -1.00318 1.00312
2 0.141739 -1.00319 1.00314
2 0.142609 -1.00321 1.00315
2 0.143478 -1.00322 1.00317
2 0.144348 -1.00324 1.00318
2 0.145217 -1.00326 1.0032
2 0.146087 -1.00327 1.00322
2 0.146957 -1.00329 1.00323
2 0.147826 -1.00331 1.00325
2 0.148696 -1.00332 1.00326
2 0.149565 -1.00334 1.00328
2 0.150435 -1.00335 1.00329
2 0.151304 -1.00337 1.00331
2 0.152174 -1.00338 1.00333
2 0.153043 -1.0034 1.00334
2 0.153913 -1.00342 1.00336
2 0.154783 -1.00343 1.00337
2 0.155652 -1.00345 1.00339
2 0.156522 -1.00346 1.00341
2 0.157391 -1.00348 1.00342
2 0.158261 -1.0035 1.00344
2 0.15913 -1.00351 1.00345
2 0.16 -1.00353 1.00347
2 0.16087 -1.00354 1.00348
2 0.161739 -1.00356 1.0035
2 0.162609 -1.00358 1.00351
2 0.163478 -1.00359 1.00353
2 0.164348 -1.00361 1.00355
2 0.165217 -1.00362 1.00356
2 0.166087 -1.00364 1.00358
2 0.166957 -1.00365 1.00359
2 0.167826 -1.00367 1.00361
2 0.168696 -1.00369 1.00362
2 0.169565 -1.0037 1.00364
2 0.170435 -1.00372 1.00365
2 0.171304 -1.00373 1.00367
2 0.172174 -1.00375 1.00368
2 0.173043 -1.00376 1.0037
2 0.173913 -1.00378 1.00372
2 0.174783 -1.00379 1.00373
2 0.175652 -1.00381 1.00375
2 0.176522 -1.00383 1.00376
2 0.177391 -1.00384 1.00378
2 0.178261 -1.00386 1.00379
2 0.17913 -1.00387 1.00381
2 0.18 -1.00389 1.00382
2 0.18087 -1.0039 1.00384
2 0.181739 -1.00392 1.00385
2 0.182609 -1.00393 1.00387
2 0.183478 -1.00395 1.00389
2 0.184348 -1.00397 1.0039
2 0.185217 -1.00398 1.00392
2 0.186087 -1.004 1.00393
2 0.186957 -1.00401 1.00395
2 0.187826 -1.00403 1.00396
2 0.188696 -1.00404 1.00398
2 0.189565 -1.00406 1.00399
2 0.190435 -1.00407 1.00401
2 0.191304 -1.00409 1.00402
2 0.192174 -1.0041 1.00404
2 0.193043 -1.00412 1.00405
2 0.193913 -1.00414 1.00407
2 0.194783 -1.00415 1.00408
2 0.195652 -1.00417 1.0041
2 0.196522 -1.00418 1.00411
2 0.197391 -1.0042 1.00413
2 0.198261 -1.00421 1.00414
2 0.19913 -1.00423 1.00416
2 0.2 -1.00424 1.00417
2 0.20087 -1.00426 1.00419
2 0.201739 -1.00427 1.0042
2 0.202609 -1.00429 1.00422
2 0.203478 -1.0043 1.00424
2 0.204348 -1.00432 1.00425
2 0.205217 -1.00434 1.00427
2 0.206087 -1.00435 1.00428
2 0.206957 -1.00437 1.0043
2 0.207826 -1.00438 1.00431
2 0.208696 -1.0044 1.00433
2 0.209565 -1.00441 1.00434
2 0.210435 -1.00443 1.00436
2 0.211304 -1.00444 1.00437
2 0.212174 -1.00446 1.00439
2 0.213043 -1.00447 1.0044
2 0.213913 -1.00449 1.00442
2 0.214783 -1.0045 1.00443
2 0.215652 -1.00452 1.00445
2 0.216522 -1.00453 1.00446
2 0.217391 -1.00455 1.00448
2 0.218261 -1.00456 1.00449
2 0.21913 -1.00458 1.00451
2 0.22 -1.00459 1.00452
2 0.22087 -1.00461 1.00454
2 0.221739 -1.00463 1.00455
2 0.222609 -1.00464 1.00457
2 0.223478 -1.00466 1.00458
2 0.224348 -1.00467 1.0046
2 0.225217 -1.00469 1.00461
2 0.226087 -1.0047 1.00463
2 0.226957 -1.00472 1.00464
2 0.227826 -1.00473 1.00466
2 0.228696 -1.00475 1.00467
2 0.229565 -1.00476 1.00469
2 0.230435 -1.00478 1.0047
2 0.231304 -1.00479 1.00472
2 0.232174 -1.00481 1.00473
2 0.233043 -1.00482 1.00475
2 0.233913 -1.00484 1.00476
2 0.234783 -1.00485 1.00478
2 0.235652 -1.00487 1.00479
2 0.236522 -1.00488 1.0048
2 0.237391 -1.0049 1.00482
2 0.238261 -1.00491 1.00483
2 0.23913 -1.00493 1.00485
2 0.24 -1.00494 1.00486
2 0.24087 -1.00496 1.00488
2 0.241739 -1.00497 1.00489
2 0.242609 -1.00499 1.00491
2 0.243478 -1.005 1.00492
2 0.244348 -1.00502 1.00494
2 0.245217 -1.00503 1.00495
2 0.246087 -1.00505 1.00497
2 0.246957 -1.00506 1.00498
2 0.247826 -1.00508 1.005
2 0.248696 -1.00509 1.00501
2 0.249565 -1.00511 1.00503
2 0.250435 -1.00512 1.00504
2 0.251304 -1.00514 1.00506
2 0.252174 -1.00515 1.00507
2 0.253043 -1.00517 1.00509
2 0.253913 -1.00518 1.0051
2 0.254783 -1.0052 1.00512
2 0.255652 -1.00521 1.00513
2 0.256522 -1.00523 1.00515
2 0.257391 -1.00524 1.00516
2 0.258261 -1.00526 1.00517
2 0.25913 -1.00527 1.00519
2 0.26 -1.00529 1.0052
2 0.26087 -1.0053 1.00522
2 0.261739 -1.00532 1.00523
2 0.262609 -1.00533 1.00525
2 0.263478 -1.00535 1.00526
2 0.264348 -1.00536 1.00528
2 0.265217 -1.00538 1.00529
2 0.266087 -1.00539 1.00531
2 0.266957 -1.00541 1.00532
2 0.267826 -1.00542 1.00534
2 0.268696 -1.00544 1.00535
2 0.269565 -1.00545 1.00537
2 0.270435 -1.00547 1.00538
2 0.271304 -1.00548 1.00539
2 0.272174 -1.0055 1.00541
2 0.273043 -1.00551 1.00542
2 0.273913 -1.00553 1.00544
2 0.274783 -1.00554 1.00545
2 0.275652 -1.00556 1.00547
2 0.276522 -1.00557 1.00548
2 0.277391 -1.00559 1.0055
2 0.278261 -1.0056 1.00551
2 0.27913 -1.00562 1.00553
2 0.28 -1.00563 1.00554
2 0.28087 -1.00565 1.00555
2 0.281739 -1.00566 1.00557
2 0.282609 -1.00568 1.00558
2 0.283478 -1.00569 1.0056
2 0.284348 -1.00571 1.00561
2 0.285217 -1.00572 1.00563
2 0.286087 -1.00574 1.00564
2 0.286957 -1.00575 1.00566
2 0.287826 -1.00577 1.00567
2 0.288696 -1.00578 1.00568
2 0.289565 -1.0058 1.0057
2 0.290435 -1.00581 1.00571
2 0.291304 -1.00582 1.00573
2 0.292174 -1.00584 1.00574
2 0.293043 -1.00585 1.00576
2 0.293913 -1.00587 1.00577
2 0.294783 -1.00588 1.00578
2 0.295652 -1.0059 1.0058
2 0.296522 -1.00591 1.00581
2 0.297391 -1.00593 1.00583
2 0.298261 -1.00594 1.00584
2 0.29913 -1.00596 1.00586
2 0.3 -1.00597 1.00587
2 0.30087 -1.00599 1.00588
2 0.301739 -1.006 1.0059
2 0.302609 -1.00602 1.00591
2 0.303478 -1.00603 1.00593
2 0.304348 -1.00605 1.00594
2 0.305217 -1.00606 1.00596
2 0.306087 -1.00607 1.00597
2 0.306957 -1.00609 1.00598
2 0.307826 -1.0061 1.006
2 0.308696 -1.00612 1.00601
2 0.309565 -1.00613 1.00603
2 0.310435 -1.00615 1.00604
2 0.311304 -1.00616 1.00606
2 0.312174 -1.00618 1.00607
2 0.313043 -1.00619 1.00608
2 0.313913 -1.00621 1.0061
2 0.314783 -1.00622 1.00611
2 0.315652 -1.00624 1.00613
2 0.316522 -1.00625 1.00614
2 0.317391 -1.00626 1.00615
2 0.318261 -1.00628 1.00617
2 0.31913 -1.00629 1.00618
2 0.32 -1.00631 1.0062
2 0.32087 -1.00632 1.00621
2 0.321739 -1.00634 1.00623
2 0.322609 -1.00635 1.00624
2 0.323478 -1.00637 1.00625
2 0.324348 -1.00638 1.00627
2 0.325217 -1.00639 1.00628
2 0.326087 -1.00641 1.0063
2 0.326957 -1.00642 1.00631
2 0.327826 -1.00644 1.00633
2 0.328696 -1.00645 1.00634
2 0.329565 -1.00647 1.00635
2 0.330435 -1.00648 1.00637
2 0.331304 -1.0065 1.00638
2 0.332174 -1.00651 1.0064
2 0.333043 -1.00652 1.00641
2 0.333913 -1.00654 1.00642
2 0.334783 -1.00655 1.00644
2 0.335652 -1.00657 1.00645
2 0.336522 -1.00658 1.00647
2 0.337391 -1.0066 1.00648
2 0.338261 -1.00661 1.00649
2 0.33913 -1.00662 1.00651
2 0.34 -1.00664 1.00652
2 0.34087 -1.00665 1.00654
2 0.341739 -1.00667 1.00655
2 0.342609 -1.00668 1.00656
2 0.343478 -1.0067 1.00658
2 0.344348 -1.00671 1.00659
2 0.345217 -1.00672 1.0066
2 0.346087 -1.00674 1.00662
2 0.346957 -1.00675 1.00663
2 0.347826 -1.00677 1.00665
2 0.348696 -1.00678 1.00666
2 0.349565 -1.0068 1.00667
2 0.350435 -1.00681 1.00669
2 0.351304 -1.00682 1.0067
2 0.352174 -1.00684 1.00672
2 0.353043 -1.00685 1.00673
2 0.353913 -1.00687 1.00674
2 0.354783 -1.00688 1.00676
2 0.355652 -1.00689 1.00677
2 0.356522 -1.00691 1.00678
2 0.357391 -1.00692 1.0068
2 0.358261 -1.00694 1.00681
2 0.35913 -1.00695 1.00683
2 0.36 -1.00697 1.00684
2 0.36087 -1.00698 1.00685
2 0.361739 -1.00699 1.00687
2 0.362609 -1.00701 1.00688
2 0.363478 -1.00702 1.00689
2 0.364348 -1.00704 1.00691
2 0.365217 -1.00705 1.00692
2 0.366087 -1.00707 1.00693
2 0.366957 -1.00708 1.00695
2 0.367826 -1.00709 1.00696
2 0.368696 -1.00711 1.00698
2 0.369565 -1.00712 1.00699
2 0.370435 -1.00714 1.007
2 0.371304 -1.00715 1.00702
2 0.372174 -1.00716 1.00703
2 0.373043 -1.00718 1.00704
2 0.373913 -1.00719 1.00706
2 0.374783 -1.00721 1.00707
2 0.375652 -1.00722 1.00708
2 0.376522 -1.00723 1.0071
2 0.377391 -1.00725 1.00711
2 0.378261 -1.00726 1.00713
2 0.37913 -1.00728 1.00714
2 0.38 -1.00729 1.00715
2 0.38087 -1.00731 1.00717
2 0.381739 -1.00732 1.00718
2 0.382609 -1.00733 1.00719
2 0.383478 -1.00735 1.00721
2 0.384348 -1.00736 1.00722
2 0.385217 -1.00738 1.00723
2 0.386087 -1.00739 1.00725
2 0.386957 -1.0074 1.00726
2 0.387826 -1.00742 1.00727
2 0.388696 -1.00743 1.00729
2 0.389565 -1.00745 1.0073
2 0.390435 -1.00746 1.00731
2 0.391304 -1.00747 1.00733
2 0.392174 -1.00749 1.00734
2 0.393043 -1.0075 1.00736
2 0.393913 -1.00751 1.00737
2 0.394783 -1.00753 1.00738
2 0.395652 -1.00754 1.0074
2 0.396522 -1.00756 1.00741
2 0.397391 -1.00757 1.00742
2 0.398261 -1.00758 1.00744
2 0.39913 -1.0076 1.00745
2 0.4 -1.00761 1.00746
2 0.40087 -1.00762 1.00748
2 0.401739 -1.00764 1.00749
2 0.402609 -1.00765 1.0075
2 0.403478 -1.00767 1.00752
2 0.404348 -1.00768 1.00753
2 0.405217 -1.00769 1.00754
2 0.406087 -1.00771 1.00755
2 0.406957 -1.00772 1.00757
2 0.407826 -1.00773 1.00758
2 0.408696 -1.00774 1.00759
2 0.409565 -1.00776 1.00761
2 0.410435 -1.00777 1.00762
2 0.411304 -1.00778 1.00763
2 0.412174 -1.0078 1.00765
2 0.413043 -1.00781 1.00766
3 0.413913 -1.00782 1.00767
3 0.414783 -1.00783 1.00768
2 0.415652 -1.00785 1.0077
2 0.416522 -1.00786 1.00771
2 0.417391 -1.00787 1.00772
2 0.418261 -1.00789 1.00773
2 0.41913 -1.0079 1.00775
2 0.42 -1.00791 1.00776
2 0.42087 -1.00793 1.00777
2 0.421739 -1.00794 1.00778
2 0.422609 -1.00795 1.00779
2 0.423478 -1.00797 1.00781
3 0.424348 -1.00798 1.00781
3 0.425217 -1.008 1.00781
2 0.426087 -1.00801 1.00784
2 0.426957 -1.00802 1.00785
2 0.427826 -1.00804 1.00787
2 0.428696 -1.00805 1.00788
2 0.429565 -1.00807 1.00789
2 0.430435 -1.00808 1.00791
2 0.431304 -1.00809 1.00792
2 0.432174 -1.00811 1.00793
2 0.433043 -1.00812 1.00795
2 0.433913 -1.00814 1.00796
2 0.434783 -1.00815 1.00797
2 0.435652 -1.00816 1.00799
2 0.436522 -1.00818 1.008
2 0.437391 -1.00819 1.00801
2 0.438261 -1.00821 1.00803
2 0.43913 -1.00822 1.00804
2 0.44 -1.00823 1.00805
2 0.44087 -1.00825 1.00807
2 0.441739 -1.00826 1.00808
2 0.442609 -1.00828 1.00809
2 0.443478 -1.00829 1.00811
2 0.444348 -1.00831 1.00812
2 0.445217 -1.00832 1.00813
2 0.446087 -1.00833 1.00815
2 0.446957 -1.00835 1.00816
2 0.447826 -1.00836 1.00817
2 0.448696 -1.00838 1.00819
2 0.449565 -1.00839 1.0082
2 0.450435 -1.0084 1.00821
2 0.451304 -1.00842 1.00823
2 0.452174 -1.00843 1.00824
2 0.453043 -1.00845 1.00826
2 0.453913 -1.00846 1.00827
2 0.454783 -1.00847 1.00828
2 0.455652 -1.00849 1.0083
2 0.456522 -1.0085 1.00831
2 0.457391 -1.00852 1.00832
2 0.458261 -1.00853 1.00834
2 0.45913 -1.00854 1.00835
2 0.46 -1.00856 1.00836
2 0.46087 -1.00857 1.00838
2 0.461739 -1.00859 1.00839
2 0.462609 -1.0086 1.0084
2 0.463478 -1.00861 1.00842
2 0.464348 -1.00863 1.00843
2 0.465217 -1.00864 1.00844
2 0.466087 -1.00866 1.00846
2 0.466957 -1.00867 1.00847
2 0.467826 -1.00868 1.00848
2 0.468696 -1.0087 1.0085
2 0.469565 -1.00871 1.00851
2 0.470435 -1.00873 1.00853
2 0.471304 -1.00874 1.00854
2 0.472174 -1.00875 1.00855
2 0.473043 -1.00877 1.00857
2 0.473913 -1.00878 1.00858
2 0.474783 -1.0088 1.00859
2 0.475652 -1.00881 1.00861
2 0.476522 -1.00882 1.00862
2 0.477391 -1.00884 1.00863
2 0.478261 -1.00885 1.00865
2 0.47913 -1.00886 1.00866
2 0.48 -1.00888 1.00867
2 0.48087 -1.00889 1.00869
2 0.481739 -1.00891 1.0087
2 0.482609 -1.00892 1.00871
2 0.483478 -1.00893 1.00873
2 0.484348 -1.00895 1.00874
2 0.485217 -1.00896 1.00875
2 0.486087 -1.00898 1.00877
2 0.486957 -1.00899 1.00878
2 0.487826 -1.009 1.00879
2 0.488696 -1.00902 1.00881
2 0.489565 -1.00903 1.00882
2 0.490435 -1.00904 1.00883
2 0.491304 -1.00906 1.00885
2 0.492174 -1.00907 1.00886
2 0.493043 -1.00909 1.00887
2 0.493913 -1.0091 1.00889
2 0.494783 -1.00911 1.0089
2 0.495652 -1.00913 1.00891
2 0.496522 -1.00914 1.00892
2 0.497391 -1.00915 1.00894
2 0.498261 -1.00917 1.00895
2 0.49913 -1.00918 1.00896
2 0.5 -1.0092 1.00898
2 0.50087 -1.00921 1.00899
2 0.501739 -1.00922 1.009
2 0.502609 -1.00924 1.00902
2 0.503478 -1.00925 1.00903
2 0.504348 -1.00926 1.00904
2 0.505217 -1.00928 1.00906
2 0.506087 -1.00929 1.00907
2 0.506957 -1.00931 1.00908
2 0.507826 -1.00932 1.0091
2 0.508696 -1.00933 1.00911
2 0.509565 -1.00935 1.00912
2 0.510435 -1.00936 1.00914
2 0.511304 -1.00937 1.00915
2 0.512174 -1.00939 1.00916
2 0.513043 -1.0094 1.00917
2 0.513913 -1.00941 1.00919
2 0.514783 -1.00943 1.0092
2 0.515652 -1.00944 1.00921
2 0.516522 -1.00945 1.00923
2 0.517391 -1.00947 1.00924
2 0.518261 -1.00948 1.00925
2 0.51913 -1.00949 1.00927
2 0.52 -1.00951 1.00928
2 0.52087 -1.00952 1.00929
2 0.521739 -1.00953 1.0093
2 0.522609 -1.00955 1.00932
2 0.523478 -1.00956 1.00933
2 0.524348 -1.00957 1.00934
2 0.525217 -1.00959 1.00936
2 0.526087 -1.0096 1.00937
2 0.526957 -1.00962 1.00938
2 0.527826 -1.00963 1.00939
2 0.528696 -1.00964 1.00941
2 0.529565 -1.00966 1.00942
2 0.530435 -1.00967 1.00943
2 0.531304 -1.00968 1.00945
2 0.532174 -1.0097 1.00946
2 0.533043 -1.00971 1.00947
2 0.533913 -1.00972 1.00948
2 0.534783 -1.00974 1.0095
2 0.535652 -1.00975 1.00951
2 0.536522 -1.00976 1.00952
2 0.537391 -1.00978 1.00954
2 0.538261 -1.00979 1.00955
2 0.53913 -1.0098 1.00956
2 0.54 -1.00982 1.00957
2 0.54087 -1.00983 1.00959
2 0.541739 -1.00984 1.0096
2 0.542609 -1.00986 1.00961
2 0.543478 -1.00987 1.00963
2 0.544348 -1.00988 1.00964
2 0.545217 -1.0099 1.00965
2 0.546087 -1.00991 1.00966
2 0.546957 -1.00992 1.00968
2 0.547826 -1.00994 1.00969
2 0.548696 -1.00995 1.0097
2 0.549565 -1.00996 1.00972
2 0.550435 -1.00998 1.00973
2 0.551304 -1.00999 1.00974
2 0.552174 -1.01 1.00975
2 0.553043 -1.01002 1.00977
2 0.553913 -1.01003 1.00978
2 0.554783 -1.01004 1.00979
2 0.555652 -1.01006 1.00981
2 0.556522 -1.01007 1.00982
2 0.557391 -1.01008 1.00983
2 0.558261 -1.01009 1.00984
2 0.55913 -1.01011 1.00986
2 0.56 -1.01012 1.00987
2 0.56087 -1.01013 1.00988
2 0.561739 -1.01015 1.0099
2 0.562609 -1.01016 1.00991
2 0.563478 -1.01017 1.00992
2 0.564348 -1.01019 1.00993
2 0.565217 -1.0102 1.00995
2 0.566087 -1.01021 1.00996
2 0.566957 -1.01023 1.00997
2 0.567826 -1.01024 1.00998
2 0.568696 -1.01025 1.01
2 0.569565 -1.01027 1.01001
2 0.570435 -1.01028 1.01002
2 0.571304 -1.01029 1.01004
2 0.572174 -1.01031 1.01005
2 0.573043 -1.01032 1.01006
2 0.573913 -1.01033 1.01007
2 0.574783 -1.01035 1.01009
2 0.575652 -1.01036 1.0101
2 0.576522 -1.01037 1.01011
2 0.577391 -1.01038 1.01012
2 0.578261 -1.0104 1.01014
2 0.57913 -1.01041 1.01015
2 0.58 -1.01042 1.01016
2 0.58087 -1.01044 1.01017
2 0.581739 -1.01045 1.01019
2 0.582609 -1.01046 1.0102
2 0.583478 -1.01048 1.01021
2 0.584348 -1.01049 1.01022
2 0.585217 -1.0105 1.01024
2 0.586087 -1.01052 1.01025
2 0.586957 -1.01053 1.01026
2 0.587826 -1.01054 1.01027
2 0.588696 -1.01055 1.01029
2 0.589565 -1.01057 1.0103
2 0.590435 -1.01058 1.01031
2 0.591304 -1.01059 1.01032
2 0.592174 -1.01061 1.01034
2 0.593043 -1.01062 1.01035
2 0.593913 -1.01063 1.01036
2 0.594783 -1.01065 1.01037
2 0.595652 -1.01066 1.01039
2 0.596522 -1.01067 1.0104
2 0.597391 -1.01068 1.01041
2 0.598261 -1.0107 1.01042
2 0.59913 -1.01071 1.01044
2 0.6 -1.01072 1.01045
2 0.60087 -1.01074 1.01046
2 0.601739 -1.01075 1.01047
2 0.602609 -1.01076 1.01049
2 0.603478 -1.01077 1.0105
2 0.604348 -1.01079 1.01051
2 0.605217 -1.0108 1.01053
2 0.606087 -1.01081 1.01054
2 0.606957 -1.01083 1.01055
2 0.607826 -1.01084 1.01056
2 0.608696 -1.01085 1.01058
2 0.609565 -1.01087 1.01059
2 0.610435 -1.01088 1.0106
2 0.611304 -1.01089 1.01061
2 0.612174 -1.0109 1.01063
2 0.613043 -1.01092 1.01064
2 0.613913 -1.01093 1.01065
2 0.614783 -1.01094 1.01066
2 0.615652 -1.01096 1.01067
2 0.616522 -1.01097 1.01069
2 0.617391 -1.01098 1.0107
2 0.618261 -1.01099 1.01071
2 0.61913 -1.01101 1.01072
2 0.62 -1.01102 1.01074
2 0.62087 -1.01103 1.01075
2 0.621739 -1.01105 1.01076
2 0.622609 -1.01106 1.01077
2 0.623478 -1.01107 1.01079
2 0.624348 -1.01108 1.0108
2 0.625217 -1.0111 1.01081
2 0.626087 -1.01111 1.01082
2 0.626957 -1.01112 1.01084
2 0.627826 -1.01114 1.01085
2 0.628696 -1.01115 1.01086
2 0.629565 -1.01116 1.01087
2 0.630435 -1.01117 1.01089
2 0.631304 -1.01119 1.0109
2 0.632174 -1.0112 1.01091
2 0.633043 -1.01121 1.01092
2 0.633913 -1.01122 1.01094
2 0.634783 -1.01124 1.01095
2 0.635652 -1.01125 1.01096
2 0.636522 -1.01126 1.01097
2 0.637391 -1.01128 1.01099
2 0.638261 -1.01129 1.011
2 0.63913 -1.0113 1.01101
2 0.64 -1.01131 1.01102
2 0.64087 -1.01133 1.01104
2 0.641739 -1.01134 1.01105
2 0.642609 -1.01135 1.01106
2 0.643478 -1.01137 1.01107
2 0.644348 -1.01138 1.01109
2 0.645217 -1.01139 1.0111
2 0.646087 -1.0114 1.01111
2 0.646957 -1.01142 1.01112
2 0.647826 -1.01143 1.01114
2 0.648696 -1.01144 1.01115
2 0.649565 -1.01145 1.01116
2 0.650435 -1.01147 1.01117
2 0.651304 -1.01148 1.01118
2 0.652174 -1.01149 1.0112
2 0.653043 -1.0115 1.01121
2 0.653913 -1.01152 1.01122
2 0.654783 -1.01153 1.01123
2 0.655652 -1.01154 1.01125
2 0.656522 -1.01156 1.01126
2 0.657391 -1.01157 1.01127
2 0.658261 -1.01158 1.01128
2 0.65913 -1.01159 1.0113
2 0.66 -1.01161 1.01131
2 0.66087 -1.01162 1.01132
2 0.661739 -1.01163 1.01133
2 0.662609 -1.01164 1.01134
2 0.663478 -1.01166 1.01136
2 0.664348 -1.01167 1.01137
2 0.665217 -1.01168 1.01138
2 0.666087 -1.01169 1.01139
2 0.666957 -1.01171 1.01141
2 0.667826 -1.01172 1.01142
2 0.668696 -1.01173 1.01143
2 0.669565 -1.01174 1.01144
2 0.670435 -1.01176 1.01145
2 0.671304 -1.01177 1.01147
2 0.672174 -1.01178 1.01148
2 0.673043 -1.01179 1.01149
2 0.673913 -1.01181 1.0115
2 0.674783 -1.01182 1.01152
2 0.675652 -1.01183 1.01153
2 0.676522 -1.01184 1.01154
2 0.677391 -1.01186 1.01155
2 0.678261 -1.01187 1.01156
2 0.67913 -1.01188 1.01158
2 0.68 -1.01189 1.01159
2 0.68087 -1.01191 1.0116
2 0.681739 -1.01192 1.01161
2 0.682609 -1.01193 1.01162
2 0.683478 -1.01194 1.01164
2 0.684348 -1.01196 1.01165
2 0.685217 -1.01197 1.01166
2 0.686087 -1.01198 1.01167
2 0.686957 -1.01199 1.01169
2 0.687826 -1.01201 1.0117
2 0.688696 -1.01202 1.01171
2 0.689565 -1.01203 1.01172
2 0.690435 -1.01204 1.01173
2 0.691304 -1.01206 1.01175
2 0.692174 -1.01207 1.01176
2 0.693043 -1.01208 1.01177
2 0.693913 -1.01209 1.01178
2 0.694783 -1.01211 1.01179
2 0.695652 -1.01212 1.01181
2 0.696522 -1.01213 1.01182
2 0.697391 -1.01214 1.01183
2 0.698261 -1.01216 1.01184
2 0.69913 -1.01217 1.01185
2 0.7 -1.01218 1.01187
2 0.70087 -1.01219 1.01188
2 0.701739 -1.01221 1.01189
2 0.702609 -1.01222 1.0119
2 0.703478 -1.01223 1.01192
2 0.704348 -1.01224 1.01193
2 0.705217 -1.01226 1.01194
2 0.706087 -1.01227 1.01195
2 0.706957 -1.01228 1.01196
2 0.707826 -1.01229 1.01198
2 0.708696 -1.01231 1.01199
2 0.709565 -1.01232 1.012
2 0.710435 -1.01233 1.01201
2 0.711304 -1.01234 1.01202
2 0.712174 -1.01236 1.01204
2 0.713043 -1.01237 1.01205
2 0.713913 -1.01238 1.01206
2 0.714783 -1.01239 1.01207
2 0.715652 -1.01241 1.01208
2 0.716522 -1.01242 1.0121
2 0.717391 -1.01243 1.01211
2 0.718261 -1.01244 1.01212
2 0.71913 -1.01246 1.01213
2 0.72 -1.01247 1.01214
2 0.72087 -1.01248 1.01215
2 0.721739 -1.01249 1.01217
2 0.722609 -1.01251 1.01218
2 0.723478 -1.01252 1.01219
2 0.724348 -1.01253 1.0122
2 0.725217 -1.01254 1.01221
2 0.726087 -1.01255 1.01223
2 0.726957 -1.01257 1.01224
2 0.727826 -1.01258 1.01225
2 0.728696 -1.01259 1.01226
2 0.729565 -1.0126 1.01227
2 0.730435 -1.01262 1.01229
2 0.731304 -1.01263 1.0123
2 0.732174 -1.01264 1.01231
2 0.733043 -1.01265 1.01232
2 0.733913 -1.01267 1.01233
2 0.734783 -1.01268 1.01235
2 0.735652 -1.01269 1.01236
2 0.736522 -1.0127 1.01237
2 0.737391 -1.01272 1.01238
2 0.738261 -1.01273 1.01239
2 0.73913 -1.01274 1.01241
2 0.74 -1.01275 1.01242
2 0.74087 -1.01277 1.01243
2 0.741739 -1.01278 1.01244
2 0.742609 -1.01279 1.01245
2 0.743478 -1.0128 1.01247
2 0.744348 -1.01281 1.01248
2 0.745217 -1.01283 1.01249
2 0.746087 -1.01284 1.0125
2 0.746957 -1.01285 1.01251
2 0.747826 -1.01286 1.01253
2 0.748696 -1.01288 1.01254
2 0.749565 -1.01289 1.01255
2 0.750435 -1.0129 1.01256
2 0.751304 -1.01291 1.01257
2 0.752174 -1.01293 1.01259
2 0.753043 -1.01294 1.0126
2 0.753913 -1.01295 1.01261
2 0.754783 -1.01296 1.01262
2 0.755652 -1.01298 1.01263
2 0.756522 -1.01299 1.01265
2 0.757391 -1.013 1.01266
2 0.758261 -1.01301 1.01267
2 0.75913 -1.01302 1.01268
2 0.76 -1.01304 1.0127
2 0.76087 -1.01305 1.01271
2 0.761739 -1.01306 1.01272
2 0.762609 -1.01307 1.01273
2 0.763478 -1.01309 1.01274
2 0.764348 -1.0131 1.01276
2 0.765217 -1.01311 1.01277
2 0.766087 -1.01312 1.01278
2 0.766957 -1.01314 1.01279
2 0.767826 -1.01315 1.0128
2 0.768696 -1.01316 1.01282
2 0.769565 -1.01317 1.01283
2 0.770435 -1.01318 1.01284
2 0.771304 -1.0132 1.01285
2 0.772174 -1.01321 1.01287
2 0.773043 -1.01322 1.01288
2 0.773913 -1.01323 1.01289
2 0.774783 -1.01325 1.0129
2 0.775652 -1.01326 1.01291
2 0.776522 -1.01327 1.01293
2 0.777391 -1.01328 1.01294
2 0.778261 -1.0133 1.01295
2 0.77913 -1.01331 1.01296
2 0.78 -1.01332 1.01297
2 0.78087 -1.01333 1.01299
2 0.781739 -1.01335 1.013
2 0.782609 -1.01336 1.01301
2 0.783478 -1.01337 1.01302
2 0.784348 -1.01338 1.01303
2 0.785217 -1.01339 1.01305
2 0.786087 -1.01341 1.01306
2 0.786957 -1.01342 1.01307
2 0.787826 -1.01343 1.01308
2 0.788696 -1.01344 1.01309
2 0.789565 -1.01346 1.01311
2 0.790435 -1.01347 1.01312
2 0.791304 -1.01348 1.01313
2 0.792174 -1.01349 1.01314
2 0.793043 -1.01351 1.01315
2 0.793913 -1.01352 1.01317
2 0.794783 -1.01353 1.01318
2 0.795652 -1.01354 1.01319
2 0.796522 -1.01355 1.0132
2 0.797391 -1.01357 1.01321
2 0.798261 -1.01358 1.01322
2 0.79913 -1.01359 1.01324
2 0.8 -1.0136 1.01325
2 0.80087 -1.01362 1.01326
2 0.801739 -1.01363 1.01327
2 0.802609 -1.01364 1.01328
2 0.803478 -1.01365 1.01329
2 0.804348 -1.01367 1.01331
2 0.805217 -1.01368 1.01332
2 0.806087 -1.01369 1.01333
2 0.806957 -1.0137 1.01334
2 0.807826 -1.01371 1.01335
2 0.808696 -1.01373 1.01336
2 0.809565 -1.01374 1.01338
2 0.810435 -1.01375 1.01339
2 0.811304 -1.01376 1.0134
2 0.812174 -1.01378 1.01341
2 0.813043 -1.01379 1.01342
2 0.813913 -1.0138 1.01343
2 0.814783 -1.01381 1.01345
2 0.815652 -1.01382 1.01346
2 0.816522 -1.01384 1.01347
2 0.817391 -1.01385 1.01348
2 0.818261 -1.01386 1.01349
2 0.81913 -1.01387 1.0135
2 0.82 -1.01389 1.01352
2 0.82087 -1.0139 1.01353
2 0.821739 -1.01391 1.01354
2 0.822609 -1.01392 1.01355
2 0.823478 -1.01394 1.01356
2 0.824348 -1.01395 1.01358
2 0.825217 -1.01396 1.01359
2 0.826087 -1.01397 1.0136
2 0.826957 -1.01398 1.01361
2 0.827826 -1.014 1.01362
2 0.828696 -1.01401 1.01364
2 0.829565 -1.01402 1.01365
2 0.830435 -1.01403 1.01366
2 0.831304 -1.01405 1.01367
2 0.832174 -1.01406 1.01368
2 0.833043 -1.01407 1.0137
2 0.833913 -1.01408 1.01371
2 0.834783 -1.01409 1.01372
2 0.835652 -1.01411 1.01373
2 0.836522 -1.01412 1.01374
2 0.837391 -1.01413 1.01376
2 0.838261 -1.01414 1.01377
2 0.83913 -1.01416 1.01378
2 0.84 -1.01417 1.01379
2 0.84087 -1.01418 1.0138
2 0.841739 -1.01419 1.01381
2 0.842609 -1.0142 1.01383
2 0.843478 -1.01422 1.01384
2 0.844348 -1.01423 1.01385
2 0.845217 -1.01424 1.01386
2 0.846087 -1.01425 1.01387
2 0.846957 -1.01427 1.01388
2 0.847826 -1.01428 1.0139
2 0.848696 -1.01429 1.01391
2 0.849565 -1.0143 1.01392
2 0.850435 -1.01431 1.01393
2 0.851304 -1.01433 1.01394
2 0.852174 -1.01434 1.01395
2 0.853043 -1.01435 1.01397
2 0.853913 -1.01436 1.01398
2 0.854783 -1.01437 1.01399
2 0.855652 -1.01439 1.014
2 0.856522 -1.0144 1.01401
2 0.857391 -1.01441 1.01403
2 0.858261 -1.01442 1.01404
2 0.85913 -1.01444 1.01405
2 0.86 -1.01445 1.01406
2 0.86087 -1.01446 1.01407
2 0.861739 -1.01447 1.01408
2 0.862609 -1.01449 1.0141
2 0.863478 -1.0145 1.01411
2 0.864348 -1.01451 1.01412
2 0.865217 -1.01452 1.01413
2 0.866087 -1.01453 1.01414
2 0.866957 -1.01455 1.01416
2 0.867826 -1.01456 1.01417
2 0.868696 -1.01457 1.01418
2 0.869565 -1.01458 1.01419
2 0.870435 -1.0146 1.0142
2 0.871304 -1.01461 1.01422
2 0.872174 -1.01462 1.01423
2 0.873043 -1.01463 1.01424
2 0.873913 -1.01465 1.01425
2 0.874783 -1.01466 1.01426
2 0.875652 -1.01467 1.01428
2 0.876522 -1.01468 1.01429
2 0.877391 -1.01469 1.0143
2 0.878261 -1.01471 1.01431
2 0.87913 -1.01472 1.01432
2 0.88 -1.01473 1.01433
2 0.88087 -1.01474 1.01435
2 0.881739 -1.01476 1.01436
2 0.882609 -1.01477 1.01437
2 0.883478 -1.01478 1.01438
2 0.884348 -1.01479 1.01439
2 0.885217 -1.01481 1.01441
2 0.886087 -1.01482 1.01442
2 0.886957 -1.01483 1.01443
2 0.887826 -1.01484 1.01444
2 0.888696 -1.01486 1.01445
2 0.889565 -1.01487 1.01447
2 0.890435 -1.01488 1.01448
2 0.891304 -1.01489 1.01449
2 0.892174 -1.0149 1.0145
2 0.893043 -1.01492 1.01451
2 0.893913 -1.01493 1.01452
2 0.894783 -1.01494 1.01454
2 0.895652 -1.01495 1.01455
2 0.896522 -1.01497 1.01456
2 0.897391 -1.01498 1.01457
2 0.898261 -1.01499 1.01458
2 0.89913 -1.015 1.01459
2 0.9 -1.01502 1.01461
2 0.90087 -1.01503 1.01462
2 0.901739 -1.01504 1.01463
2 0.902609 -1.01505 1.01464
2 0.903478 -1.01506 1.01465
2 0.904348 -1.01508 1.01467
2 0.905217 -1.01509 1.01468
2 0.906087 -1.0151 1.01469
2 0.906957 -1.01511 1.0147
2 0.907826 -1.01513 1.01471
2 0.908696 -1.01514 1.01472
2 0.909565 -1.01515 1.01474
2 0.910435 -1.01516 1.01475
2 0.911304 -1.01517 1.01476
2 0.912174 -1.01519 1.01477
2 0.913043 -1.0152 1.01478
2 0.913913 -1.01521 1.0148
2 0.914783 -1.01522 1.01481
2 0.915652 -1.01524 1.01482
2 0.916522 -1.01525 1.01483
2 0.917391 -1.01526 1.01484
2 0.918261 -1.01527 1.01485
2 0.91913 -1.01528 1.01487
2 0.92 -1.0153 1.01488
2 0.92087 -1.01531 1.01489
2 0.921739 -1.01532 1.0149
2 0.922609 -1.01533 1.01491
2 0.923478 -1.01534 1.01492
2 0.924348 -1.01536 1.01494
2 0.925217 -1.01537 1.01495
2 0.926087 -1.01538 1.01496
2 0.926957 -1.01539 1.01497
2 0.927826 -1.0154 1.01498
2 0.928696 -1.01542 1.01499
2 0.929565 -1.01543 1.01501
2 0.930435 -1.01544 1.01502
2 0.931304 -1.01545 1.01503
2 0.932174 -1.01546 1.01504
2 0.933043 -1.01548 1.01505
2 0.933913 -1.01549 1.01506
2 0.934783 -1.0155 1.01508
2 0.935652 -1.01551 1.01509
2 0.936522 -1.01552 1.0151
2 0.937391 -1.01554 1.01511
2 0.938261 -1.01555 1.01512
2 0.93913 -1.01556 1.01513
2 0.94 -1.01557 1.01514
2 0.94087 -1.01558 1.01516
2 0.941739 -1.01559 1.01517
2 0.942609 -1.01561 1.01518
2 0.943478 -1.01562 1.01519
3 0.944348 -1.01563 1.0152
3 0.945217 -1.01564 1.01521
2 0.946087 -1.01565 1.01523
2 0.946957 -1.01566 1.01524
2 0.947826 -1.01567 1.01525
2 0.948696 -1.01569 1.01526
2 0.949565 -1.0157 1.01527
2 0.950435 -1.01571 1.01528
2 0.951304 -1.01572 1.0153
2 0.952174 -1.01574 1.01531
2 0.953043 -1.01575 1.01532
2 0.953913 -1.01576 1.01533
2 0.954783 -1.01577 1.01534
2 0.955652 -1.01578 1.01535
2 0.956522 -1.0158 1.01536
2 0.957391 -1.01581 1.01538
2 0.958261 -1.01582 1.01539
2 0.95913 -1.01583 1.0154
2 0.96 -1.01584 1.01541
2 0.96087 -1.01586 1.01542
2 0.961739 -1.01587 1.01543
2 0.962609 -1.01588 1.01544
2 0.963478 -1.01589 1.01546
2 0.964348 -1.01591 1.01547
2 0.965217 -1.01592 1.01548
2 0.966087 -1.01593 1.01549
2 0.966957 -1.01594 1.0155
2 0.967826 -1.01596 1.01551
2 0.968696 -1.01597 1.01552
2 0.969565 -1.01598 1.01553
2 0.970435 -1.01599 1.01554
2 0.971304 -1.016 1.01555
2 0.972174 -1.01602 1.01557
2 0.973043 -1.01603 1.01558
2 0.973913 -1.01604 1.01559
2 0.974783 -1.01605 1.0156
2 0.975652 -1.01607 1.01561
2 0.976522 -1.01608 1.01562
3 0.977391 -1.01609 1.01562
3 0.978261 -1.0161 1.01562
2 0.97913 -1.01611 1.01565
2 0.98 -1.01613 1.01566
2 0.98087 -1.01614 1.01567
2 0.981739 -1.01615 1.01568
2 0.982609 -1.01616 1.0157
2 0.983478 -1.01618 1.01571
2 0.984348 -1.01619 1.01572
2 0.985217 -1.0162 1.01573
2 0.986087 -1.01621 1.01574
2 0.986957 -1.01623 1.01575
2 0.987826 -1.01624 1.01576
2 0.988696 -1.01625 1.01577
2 0.989565 -1.01626 1.01579
2 0.990435 -1.01627 1.0158
2 0.991304 -1.01629 1.01581
2 0.992174 -1.0163 1.01582
2 0.993043 -1.01631 1.01583
2 0.993913 -1.01632 1.01584
2 0.994783 -1.01634 1.01586
2 0.995652 -1.01635 1.01587
2 0.996522 -1.01636 1.01588
2 0.997391 -1.01637 1.01589
2 0.998261 -1.01639 1.0159
2 0.99913 -1.0164 1.01591
2 1 -1.01641 1.01592
2 1.00087 -1.01642 1.01594
2 1.00174 -1.01645 1.01597
2 1.00261 -1.01647 1.016
2 1.00348 -1.0165 1.01602
2 1.00435 -1.01652 1.01605
2 1.00522 -1.01654 1.01607
2 1.00609 -1.01656 1.01609
2 1.00696 -1.01657 1.0161
2 1.00783 -1.01659 1.01612
2 1.0087 -1.01661 1.01614
2 1.00957 -1.01663 1.01616
2 1.01043 -1.01664 1.01617
2 1.0113 -1.01666 1.01619
2 1.01217 -1.01667 1.0162
2 1.01304 -1.01669 1.01622
2 1.01391 -1.01671 1.01623
2 1.01478 -1.01672 1.01625
2 1.01565 -1.01674 1.01626
2 1.01652 -1.01675 1.01628
2 1.01739 -1.01677 1.01629
2 1.01826 -1.01678 1.01631
2 1.01913 -1.01679 1.01632
2 1.02 -1.01681 1.01633
2 1.02087 -1.01682 1.01635
2 1.02174 -1.01684 1.01636
2 1.02261 -1.01685 1.01637
2 1.02348 -1.01687 1.01639
2 1.02435 -1.01688 1.0164
2 1.02522 -1.0169 1.01642
2 1.02609 -1.01691 1.01643
2 1.02696 -1.01692 1.01644
2 1.02783 -1.01694 1.01645
2 1.0287 -1.01695 1.01647
2 1.02957 -1.01697 1.01648
2 1.03043 -1.01698 1.01649
2 1.0313 -1.01699 1.01651
2 1.03217 -1.01701 1.01652
2 1.03304 -1.01702 1.01653
2 1.03391 -1.01703 1.01655
2 1.03478 -1.01705 1.01656
2 1.03565 -1.01706 1.01657
2 1.03652 -1.01708 1.01658
2 1.03739 -1.01709 1.0166
2 1.03826 -1.0171 1.01661
2 1.03913 -1.01712 1.01662
2 1.04 -1.01713 1.01663
2 1.04087 -1.01714 1.01665
2 1.04174 -1.01716 1.01666
2 1.04261 -1.01717 1.01667
2 1.04348 -1.01718 1.01669
2 1.04435 -1.0172 1.0167
2 1.04522 -1.01721 1.01671
2 1.04609 -1.01722 1.01672
2 1.04696 -1.01724 1.01674
2 1.04783 -1.01725 1.01675
2 1.0487 -1.01726 1.01676
2 1.04957 -1.01728 1.01677
2 1.05043 -1.01729 1.01679
2 1.0513 -1.0173 1.0168
2 1.05217 -1.01732 1.01681
2 1.05304 -1.01733 1.01682
2 1.05391 -1.01734 1.01684
2 1.05478 -1.01736 1.01685
2 1.05565 -1.01737 1.01686
2 1.05652 -1.01738 1.01688
2 1.05739 -1.0174 1.01689
2 1.05826 -1.01741 1.0169
2 1.05913 -1.01742 1.01691
2 1.06 -1.01744 1.01693
2 1.06087 -1.01745 1.01694
2 1.06174 -1.01746 1.01695
2 1.06261 -1.01747 1.01696
2 1.06348 -1.01749 1.01698
2 1.06435 -1.0175 1.01699
2 1.06522 -1.01751 1.017
2 1.06609 -1.01753 1.01701
2 1.06696 -1.01754 1.01703
2 1.06783 -1.01755 1.01704
2 1.0687 -1.01757 1.01705
2 1.06957 -1.01758 1.01706
2 1.07043 -1.01759 1.01708
2 1.0713 -1.01761 1.01709
2 1.07217 -1.01762 1.0171
2 1.07304 -1.01763 1.01711
2 1.07391 -1.01764 1.01712
2 1.07478 -1.01766 1.01714
2 1.07565 -1.01767 1.01715
2 1.07652 -1.01768 1.01716
2 1.07739 -1.0177 1.01717
2 1.07826 -1.01771 1.01719
2 1.07913 -1.01772 1.0172
2 1.08 -1.01773 1.01721
2 1.08087 -1.01775 1.01722
2 1.08174 -1.01776 1.01724
2 1.08261 -1.01777 1.01725
2 1.08348 -1.01779 1.01726
2 1.08435 -1.0178 1.01727
2 1.08522 -1.01781 1.01729
2 1.08609 -1.01782 1.0173
2 1.08696 -1.01784 1.01731
2 1.08783 -1.01785 1.01732
2 1.0887 -1.01786 1.01733
2 1.08957 -1.01788 1.01735
2 1.09043 -1.01789 1.01736
2 1.0913 -1.0179 1.01737
2 1.09217 -1.01791 1.01738
2 1.09304 -1.01793 1.01739
2 1.09391 -1.01794 1.01741
2 1.09478 -1.01795 1.01742
2 1.09565 -1.01797 1.01743
2 1.09652 -1.01798 1.01744
2 1.09739 -1.01799 1.01746
2 1.09826 -1.018 1.01747
2 1.09913 -1.01802 1.01748
2 1.1 -1.01803 1.01749
2 1.10087 -1.01804 1.0175
2 1.10174 -1.01805 1.01751
2 1.10261 -1.01807 1.01753
2 1.10348 -1.01808 1.01754
2 1.10435 -1.01809 1.01755
2 1.10522 -1.0181 1.01756
2 1.10609 -1.01812 1.01757
2 1.10696 -1.01813 1.01759
2 1.10783 -1.01814 1.0176
2 1.1087 -1.01816 1.01761
2 1.10957 -1.01817 1.01762
2 1.11043 -1.01818 1.01763
2 1.1113 -1.01819 1.01765
2 1.11217 -1.01821 1.01766
2 1.11304 -1.01822 1.01767
2 1.11391 -1.01823 1.01768
2 1.11478 -1.01824 1.01769
2 1.11565 -1.01826 1.01771
2 1.11652 -1.01827 1.01772
2 1.11739 -1.01828 1.01773
2 1.11826 -1.01829 1.01774
2 1.11913 -1.01831 1.01775
2 1.12 -1.01832 1.01776
2 1.12087 -1.01833 1.01778
2 1.12174 -1.01834 1.01779
2 1.12261 -1.01836 1.0178
2 1.12348 -1.01837 1.01781
2 1.12435 -1.01838 1.01782
2 1.12522 -1.01839 1.01784
2 1.12609 -1.01841 1.01785
2 1.12696 -1.01842 1.01786
2 1.12783 -1.01843 1.01787
2 1.1287 -1.01844 1.01788
2 1.12957 -1.01846 1.01789
2 1.13043 -1.01847 1.01791
2 1.1313 -1.01848 1.01792
2 1.13217 -1.01849 1.01793
2 1.13304 -1.01851 1.01794
2 1.13391 -1.01852 1.01795
2 1.13478 -1.01853 1.01797
2 1.13565 -1.01854 1.01798
2 1.13652 -1.01856 1.01799
2 1.13739 -1.01857 1.018
2 1.13826 -1.01858 1.01801
2 1.13913 -1.01859 1.01802
2 1.14 -1.01861 1.01804
2 1.14087 -1.01862 1.01805
2 1.14174 -1.01863 1.01806
2 1.14261 -1.01864 1.01807
2 1.14348 -1.01866 1.01808
2 1.14435 -1.01867 1.01809
2 1.14522 -1.01868 1.01811
2 1.14609 -1.01869 1.01812
2 1.14696 -1.01871 1.01813
2 1.14783 -1.01872 1.01814
2 1.1487 -1.01873 1.01815
2 1.14957 -1.01874 1.01816
2 1.15043 -1.01876 1.01818
2 1.1513 -1.01877 1.01819
2 1.15217 -1.01878 1.0182
2 1.15304 -1.01879 1.01821
2 1.15391 -1.0188 1.01822
2 1.15478 -1.01882 1.01823
2 1.15565 -1.01883 1.01825
2 1.15652 -1.01884 1.01826
2 1.15739 -1.01885 1.01827
2 1.15826 -1.01887 1.01828
2 1.15913 -1.01888 1.01829
2 1.16 -1.01889 1.0183
2 1.16087 -1.0189 1.01832
2 1.16174 -1.01892 1.01833
2 1.16261 -1.01893 1.01834
2 1.16348 -1.01894 1.01835
2 1.16435 -1.01895 1.01836
2 1.16522 -1.01896 1.01837
2 1.16609 -1.01898 1.01839
2 1.16696 -1.01899 1.0184
2 1.16783 -1.019 1.01841
2 1.1687 -1.01901 1.01842
2 1.16957 -1.01903 1.01843
2 1.17043 -1.01904 1.01844
2 1.1713 -1.01905 1.01846
2 1.17217 -1.01906 1.01847
2 1.17304 -1.01907 1.01848
2 1.17391 -1.01909 1.01849
2 1.17478 -1.0191 1.0185
2 1.17565 -1.01911 1.01852
2 1.17652 -1.01912 1.01853
2 1.17739 -1.01914 1.01854
2 1.17826 -1.01915 1.01855
2 1.17913 -1.01916 1.01856
2 1.18 -1.01917 1.01857
2 1.18087 -1.01919 1.01859
2 1.18174 -1.0192 1.0186
2 1.18261 -1.01921 1.01861
2 1.18348 -1.01922 1.01862
2 1.18435 -1.01923 1.01863
2 1.18522 -1.01925 1.01864
2 1.18609 -1.01926 1.01866
2 1.18696 -1.01927 1.01867
2 1.18783 -1.01928 1.01868
2 1.1887 -1.01929 1.01869
2 1.18957 -1.01931 1.0187
2 1.19043 -1.01932 1.01871
2 1.1913 -1.01933 1.01873
2 1.19217 -1.01934 1.01874
2 1.19304 -1.01936 1.01875
2 1.19391 -1.01937 1.01876
2 1.19478 -1.01938 1.01877
2 1.19565 -1.01939 1.01879
2 1.19652 -1.0194 1.0188
2 1.19739 -1.01942 1.01881
2 1.19826 -1.01943 1.01882
2 1.19913 -1.01944 1.01883
2 1.2 -1.01945 1.01884
2 1.20087 -1.01947 1.01886
2 1.20174 -1.01948 1.01887
2 1.20261 -1.01949 1.01888
2 1.20348 -1.0195 1.01889
2 1.20435 -1.01951 1.0189
2 1.20522 -1.01953 1.01891
2 1.20609 -1.01954 1.01892
2 1.20696 -1.01956 1.01894
2 1.20783 -1.01958 1.01895
2 1.2087 -1.0196 1.01896
2 1.20957 -1.01961 1.01897
2 1.21043 -1.01963 1.01898
2 1.2113 -1.01964 1.01899
2 1.21217 -1.01966 1.01901
2 1.21304 -1.01967 1.01902
2 1.21391 -1.01969 1.01903
2 1.21478 -1.0197 1.01904
2 1.21565 -1.01972 1.01905
2 1.21652 -1.01973 1.01906
2 1.21739 -1.01974 1.01907
2 1.21826 -1.01975 1.01909
2 1.21913 -1.01977 1.0191
2 1.22 -1.01978 1.01911
2 1.22087 -1.01979 1.01912
2 1.22174 -1.01981 1.01913
2 1.22261 -1.01982 1.01914
2 1.22348 -1.01983 1.01916
2 1.22435 -1.01984 1.01917
2 1.22522 -1.01986 1.01918
2 1.22609 -1.01987 1.01919
2 1.22696 -1.01988 1.0192
2 1.22783 -1.01989 1.01921
2 1.2287 -1.01991 1.01922
2 1.22957 -1.01992 1.01924
2 1.23043 -1.01993 1.01925
2 1.2313 -1.01994 1.01926
2 1.23217 -1.01996 1.01927
2 1.23304 -1.01997 1.01928
2 1.23391 -1.01998 1.01929
2 1.23478 -1.01999 1.0193
2 1.23565 -1.02001 1.01932
2 1.23652 -1.02002 1.01933
2 1.23739 -1.02003 1.01934
2 1.23826 -1.02004 1.01935
2 1.23913 -1.02005 1.01936
2 1.24 -1.02007 1.01937
2 1.24087 -1.02008 1.01938
2 1.24174 -1.02009 1.0194
2 1.24261 -1.0201 1.01941
2 1.24348 -1.02012 1.01942
2 1.24435 -1.02013 1.01943
2 1.24522 -1.02014 1.01944
2 1.24609 -1.02015 1.01945
2 1.24696 -1.02016 1.01946
2 1.24783 -1.02018 1.01948
2 1.2487 -1.02019 1.01949
2 1.24957 -1.0202 1.0195
2 1.25043 -1.02021 1.01951
2 1.2513 -1.02022 1.01952
2 1.25217 -1.02024 1.01953
2 1.25304 -1.02025 1.01954
2 1.25391 -1.02026 1.01956
2 1.25478 -1.02027 1.01957
2 1.25565 -1.02028 1.01959
2 1.25652 -1.0203 1.0196
2 1.25739 -1.02031 1.01961
2 1.25826 -1.02032 1.01962
2 1.25913 -1.02033 1.01964
2 1.26 -1.02034 1.01965
2 1.26087 -1.02036 1.01966
2 1.26174 -1.02037 1.01967
2 1.26261 -1.02038 1.01968
2 1.26348 -1.02039 1.0197
2 1.26435 -1.0204 1.01971
2 1.26522 -1.02042 1.01972
2 1.26609 -1.02043 1.01973
2 1.26696 -1.02044 1.01974
2 1.26783 -1.02045 1.01975
2 1.2687 -1.02046 1.01977
2 1.26957 -1.02048 1.01978
2 1.27043 -1.02049 1.01979
2 1.2713 -1.0205 1.0198
2 1.27217 -1.02051 1.01981
2 1.27304 -1.02052 1.01982
2 1.27391 -1.02054 1.01984
2 1.27478 -1.02055 1.01985
2 1.27565 -1.02056 1.01986
2 1.27652 -1.02057 1.01987
2 1.27739 -1.02058 1.01988
2 1.27826 -1.02059 1.01989
2 1.27913 -1.02061 1.0199
2 1.28 -1.02062 1.01992
2 1.28087 -1.02063 1.01993
2 1.28174 -1.02064 1.01994
2 1.28261 -1.02065 1.01995
2 1.28348 -1.02067 1.01996
2 1.28435 -1.02068 1.01997
2 1.28522 -1.02069 1.01998
2 1.28609 -1.0207 1.02
2 1.28696 -1.02071 1.02001
2 1.28783 -1.02073 1.02002
2 1.2887 -1.02074 1.02003
2 1.28957 -1.02075 1.02004
2 1.29043 -1.02076 1.02005
2 1.2913 -1.02077 1.02006
2 1.29217 -1.02078 1.02008
2 1.29304 -1.0208 1.02009
2 1.29391 -1.02081 1.0201
2 1.29478 -1.02082 1.02011
2 1.29565 -1.02083 1.02012
2 1.29652 -1.02084 1.02013
2 1.29739 -1.02086 1.02014
2 1.29826 -1.02087 1.02016
2 1.29913 -1.02088 1.02017
2 1.3 -1.02089 1.02018
2 1.30087 -1.0209 1.02019
2 1.30174 -1.02091 1.0202
2 1.30261 -1.02093 1.02021
2 1.30348 -1.02094 1.02022
2 1.30435 -1.02095 1.02024
2 1.30522 -1.02096 1.02025
2 1.30609 -1.02097 1.02026
2 1.30696 -1.02099 1.02027
2 1.30783 -1.021 1.02028
2 1.3087 -1.02101 1.02029
2 1.30957 -1.02102 1.0203
2 1.31043 -1.02103 1.02031
2 1.3113 -1.02104 1.02033
2 1.31217 -1.02106 1.02034
2 1.31304 -1.02107 1.02035
2 1.31391 -1.02108 1.02036
2 1.31478 -1.02109 1.02037
2 1.31565 -1.0211 1.02038
2 1.31652 -1.02112 1.02039
2 1.31739 -1.02113 1.02041
2 1.31826 -1.02114 1.02042
2 1.31913 -1.02115 1.02043
2 1.32 -1.02116 1.02044
2 1.32087 -1.02117 1.02045
2 1.32174 -1.02119 1.02046
2 1.32261 -1.0212 1.02047
2 1.32348 -1.02121 1.02049
2 1.32435 -1.02122 1.0205
2 1.32522 -1.02123 1.02051
2 1.32609 -1.02124 1.02052
2 1.32696 -1.02126 1.02053
2 1.32783 -1.02127 1.02054
2 1.3287 -1.02128 1.02055
2 1.32957 -1.02129 1.02056
2 1.33043 -1.0213 1.02058
2 1.3313 -1.02132 1.02059
2 1.33217 -1.02133 1.0206
2 1.33304 -1.02134 1.02061
2 1.33391 -1.02135 1.02062
2 1.33478 -1.02136 1.02063
2 1.33565 -1.02137 1.02064
2 1.33652 -1.02139 1.02066
2 1.33739 -1.0214 1.02067
2 1.33826 -1.02141 1.02068
2 1.33913 -1.02142 1.02069
2 1.34 -1.02143 1.0207
2 1.34087 -1.02144 1.02071
2 1.34174 -1.02146 1.02072
2 1.34261 -1.02147 1.02074
2 1.34348 -1.02148 1.02075
2 1.34435 -1.02149 1.02076
2 1.34522 -1.0215 1.02077
2 1.34609 -1.02151 1.02078
2 1.34696 -1.02153 1.02079
2 1.34783 -1.02154 1.0208
2 1.3487 -1.02155 1.02081
2 1.34957 -1.02156 1.02083
2 1.35043 -1.02157 1.02084
2 1.3513 -1.02158 1.02085
2 1.35217 -1.0216 1.02086
2 1.35304 -1.02161 1.02087
2 1.35391 -1.02162 1.02088
2 1.35478 -1.02163 1.02089
2 1.35565 -1.02164 1.02091
2 1.35652 -1.02165 1.02092
2 1.35739 -1.02167 1.02093
2 1.35826 -1.02168 1.02094
2 1.35913 -1.02169 1.02095
2 1.36 -1.0217 1.02096
2 1.36087 -1.02171 1.02097
2 1.36174 -1.02172 1.02098
2 1.36261 -1.02174 1.021
2 1.36348 -1.02175 1.02101
2 1.36435 -1.02176 1.02102
2 1.36522 -1.02177 1.02103
2 1.36609 -1.02178 1.02104
2 1.36696 -1.02179 1.02105
2 1.36783 -1.02181 1.02106
2 1.3687 -1.02182 1.02107
2 1.36957 -1.02183 1.02109
2 1.37043 -1.02184 1.0211
2 1.3713 -1.02185 1.02111
2 1.37217 -1.02186 1.02112
2 1.37304 -1.02188 1.02113
2 1.37391 -1.02189 1.02114
2 1.37478 -1.0219 1.02115
2 1.37565 -1.02191 1.02116
2 1.37652 -1.02192 1.02118
2 1.37739 -1.02193 1.02119
2 1.37826 -1.02195 1.0212
2 1.37913 -1.02196 1.02121
2 1.38 -1.02197 1.02122
2 1.38087 -1.02198 1.02123
2 1.38174 -1.02199 1.02124
2 1.38261 -1.022 1.02125
2 1.38348 -1.02202 1.02127
2 1.38435 -1.02203 1.02128
2 1.38522 -1.02204 1.02129
2 1.38609 -1.02205 1.0213
2 1.38696 -1.02206 1.02131
2 1.38783 -1.02207 1.02132
2 1.3887 -1.02209 1.02133
2 1.38957 -1.0221 1.02134
2 1.39043 -1.02211 1.02136
2 1.3913 -1.02212 1.02137
2 1.39217 -1.02213 1.02138
2 1.39304 -1.02214 1.02139
2 1.39391 -1.02216 1.0214
2 1.39478 -1.02217 1.02141
2 1.39565 -1.02218 1.02142
2 1.39652 -1.02219 1.02143
2 1.39739 -1.0222 1.02145
2 1.39826 -1.02221 1.02146
2 1.39913 -1.02223 1.02147
2 1.4 -1.02224 1.02148
2 1.40087 -1.02225 1.02149
2 1.40174 -1.02226 1.0215
2 1.40261 -1.02227 1.02151
2 1.40348 -1.02228 1.02153
2 1.40435 -1.0223 1.02154
2 1.40522 -1.02231 1.02155
2 1.40609 -1.02232 1.02156
2 1.40696 -1.02233 1.02157
2 1.40783 -1.02234 1.02158
2 1.4087 -1.02235 1.02159
2 1.40957 -1.02237 1.0216
2 1.41043 -1.02238 1.02162
2 1.4113 -1.02239 1.02163
2 1.41217 -1.0224 1.02164
2 1.41304 -1.02241 1.02165
2 1.41391 -1.02242 1.02166
2 1.41478 -1.02243 1.02167
2 1.41565 -1.02245 1.02168
2 1.41652 -1.02246 1.02169
2 1.41739 -1.02247 1.02171
2 1.41826 -1.02248 1.02172
2 1.41913 -1.02249 1.02173
2 1.42 -1.0225 1.02174
2 1.42087 -1.02252 1.02175
2 1.42174 -1.02253 1.02176
2 1.42261 -1.02254 1.02177
2 1.42348 -1.02255 1.02178
2 1.42435 -1.02256 1.0218
2 1.42522 -1.02257 1.02181
2 1.42609 -1.02259 1.02182
2 1.42696 -1.0226 1.02183
2 1.42783 -1.02261 1.02184
2 1.4287 -1.02262 1.02185
2 1.42957 -1.02263 1.02186
2 1.43043 -1.02264 1.02187
2 1.4313 -1.02266 1.02188
2 1.43217 -1.02267 1.0219
2 1.43304 -1.02268 1.02191
2 1.43391 -1.02269 1.02192
2 1.43478 -