0 
6.36727e-05 
0.000233282 
0.000455079 
0.000719123 
0.0010125 
0.001345 
0.00170308 
0.00209371 
0.00248434 
0.0029238 
0.00336325 
0.00380271 
0.00424217 
0.00468163 
0.00512108 
0.00556054 
0.006 
0.00654545 
0.00709091 
0.00763636 
0.00818182 
0.00872727 
0.00927273 
0.00981818 
0.0103636 
0.0109091 
0.0114545 
0.012 
0.0126 
0.0132 
0.0138 
0.0144 
0.015 
0.0156 
0.0162 
0.0168 
0.0174 
0.018 
0.0186667 
0.0193333 
0.02 
0.0206667 
0.0213333 
0.022 
0.0226667 
0.0233333 
0.024 
0.0246667 
0.0253333 
0.026 
0.0266667 
0.0273333 
0.028 
0.0286667 
0.0293333 
0.03 
0.0306667 
0.0313333 
0.032 
0.0326667 
0.0333333 
0.034 
0.0346667 
0.0353333 
0.036 
0.0366667 
0.0373333 
0.038 
0.0386667 
0.0393333 
0.04 
0.0406667 
0.0413333 
0.042 
0.0426667 
0.0433333 
0.044 
0.0446667 
0.0453333 
0.046 
0.0466667 
0.0473333 
0.048 
0.0486667 
0.0493333 
0.05 
0.0506667 
0.0513333 
0.052 
0.0526667 
0.0533333 
0.054 
0.0546667 
0.0553333 
0.056 
0.0566667 
0.0573333 
0.058 
0.0586667 
0.0593333 
0.06 
0.0606667 
0.0613333 
0.062 
0.0626667 
0.0633333 
0.064 
0.0646667 
0.0653333 
0.066 
0.0666667 
0.0673333 
0.068 
0.0686667 
0.0693333 
0.07 
0.0706667 
0.0713333 
0.072 
0.0726667 
0.0733333 
0.074 
0.0746667 
0.0753333 
0.076 
0.0766667 
0.0773333 
0.078 
0.0786667 
0.0793333 
0.08 
0.0806667 
0.0813333 
0.082 
0.0826667 
0.0833333 
0.084 
0.0846667 
0.0853333 
0.086 
0.0866667 
0.0873333 
0.088 
0.0886667 
0.0893333 
0.09 
0.0906667 
0.0913333 
0.092 
0.0926667 
0.0933333 
0.094 
0.0946667 
0.0953333 
0.096 
0.0966667 
0.0973333 
0.098 
0.0986667 
0.0993333 
0.1 
0.100667 
0.101333 
0.102 
0.102667 
0.103333 
0.104 
0.104667 
0.105333 
0.106 
0.106667 
0.107333 
0.108 
0.108667 
0.109333 
0.11 
0.110667 
0.111333 
0.112 
0.112667 
0.113333 
0.114 
0.114667 
0.115333 
0.116 
0.116667 
0.117333 
0.118 
0.118667 
0.119333 
0.12 
0.120667 
0.121333 
0.122 
0.122667 
0.123333 
0.124 
0.124667 
0.125333 
0.126 
0.126667 
0.127333 
0.128 
0.128667 
0.129333 
0.13 
0.130667 
0.131333 
0.132 
0.132667 
0.133333 
0.134 
0.134667 
0.135333 
0.136 
0.136667 
0.137333 
0.138 
0.138667 
0.139333 
0.14 
0.140667 
0.141333 
0.142 
0.142667 
0.143333 
0.144 
0.144667 
0.145333 
0.146 
0.146667 
0.147333 
0.148 
0.148667 
0.149333 
0.15 
0.150667 
0.151333 
0.152 
0.152667 
0.153333 
0.154 
0.154667 
0.155333 
0.156 
0.156667 
0.157333 
0.158 
0.158667 
0.159333 
0.16 
0.160667 
0.161333 
0.162 
0.162667 
0.163333 
0.164 
0.164667 
0.165333 
0.166 
0.166667 
0.167333 
0.168 
0.168667 
0.169333 
0.17 
0.170667 
0.171333 
0.172 
0.172667 
0.173333 
0.174 
0.174667 
0.175333 
0.176 
0.176667 
0.177333 
0.178 
0.178667 
0.179333 
0.18 
0.180667 
0.181333 
0.182 
0.182667 
0.183333 
0.184 
0.184667 
0.185333 
0.186 
0.186667 
0.187333 
0.188 
0.188667 
0.189333 
0.19 
0.190667 
0.191333 
0.192 
0.192667 
0.193333 
0.194 
0.194667 
0.195333 
0.196 
0.196667 
0.197333 
0.198 
0.198667 
0.199333 
0.2 
0.200667 
0.201333 
0.202 
0.202667 
0.203333 
0.204 
0.204667 
0.205333 
0.206 
0.206667 
0.207333 
0.208 
0.208667 
0.209333 
0.21 
0.210667 
0.211333 
0.212 
0.212667 
0.213333 
0.214 
0.214667 
0.215333 
0.216 
0.216667 
0.217333 
0.218 
0.218667 
0.219333 
0.22 
0.220667 
0.221333 
0.222 
0.222667 
0.223333 
0.224 
0.224667 
0.225333 
0.226 
0.226667 
0.227333 
0.228 
0.228667 
0.229333 
0.23 
0.230667 
0.231333 
0.232 
0.232667 
0.233333 
0.234 
0.234667 
0.235333 
0.236 
0.236667 
0.237333 
0.238 
0.238667 
0.239333 
0.24 
0.240667 
0.241333 
0.242 
0.242667 
0.243333 
0.244 
0.244667 
0.245333 
0.246 
0.246667 
0.247333 
0.248 
0.248667 
0.249333 
0.25 
0.250667 
0.251333 
0.252 
0.252667 
0.253333 
0.254 
0.254667 
0.255333 
0.256 
0.256667 
0.257333 
0.258 
0.258667 
0.259333 
0.26 
0.260667 
0.261333 
0.262 
0.262667 
0.263333 
0.264 
0.264667 
0.265333 
0.266 
0.266667 
0.267333 
0.268 
0.268667 
0.269333 
0.27 
0.270667 
0.271333 
0.272 
0.272667 
0.273333 
0.274 
0.274667 
0.275333 
0.276 
0.276667 
0.277333 
0.278 
0.278667 
0.279333 
0.28 
0.280667 
0.281333 
0.282 
0.282667 
0.283333 
0.284 
0.284667 
0.285333 
0.286 
0.286667 
0.287333 
0.288 
0.288667 
0.289333 
0.29 
0.290667 
0.291333 
0.292 
0.292667 
0.293333 
0.294 
0.294667 
0.295333 
0.296 
0.296667 
0.297333 
0.298 
0.298667 
0.299333 
0.3 
0.300667 
0.301333 
0.302 
0.302667 
0.303333 
0.304 
0.304667 
0.305333 
0.306 
0.306667 
0.307333 
0.308 
0.308667 
0.309333 
0.31 
0.310667 
0.311333 
0.312 
0.312667 
0.313333 
0.314 
0.314667 
0.315333 
0.316 
0.316667 
0.317333 
0.318 
0.318667 
0.319333 
0.32 
0.320667 
0.321333 
0.322 
0.322667 
0.323333 
0.324 
0.324667 
0.325333 
0.326 
0.326667 
0.327333 
0.328 
0.328667 
0.329333 
0.33 
0.330667 
0.331333 
0.332 
0.332667 
0.333333 
0.334 
0.334667 
0.335333 
0.336 
0.336667 
0.337333 
0.338 
0.338667 
0.339333 
0.34 
0.340667 
0.341333 
0.342 
0.342667 
0.343333 
0.344 
0.344667 
0.345333 
0.346 
0.346667 
0.347333 
0.348 
0.348667 
0.349333 
0.35 
0.350667 
0.351333 
0.352 
0.352667 
0.353333 
0.354 
0.354667 
0.355333 
0.356 
0.356667 
0.357333 
0.358 
0.358667 
0.359333 
0.36 
0.360667 
0.361333 
0.362 
0.362667 
0.363333 
0.364 
0.364667 
0.365333 
0.366 
0.366667 
0.367333 
0.368 
0.368667 
0.369333 
0.37 
0.370667 
0.371333 
0.372 
0.372667 
0.373333 
0.374 
0.374667 
0.375333 
0.376 
0.376667 
0.377333 
0.378 
0.378667 
0.379333 
0.38 
0.380667 
0.381333 
0.382 
0.382667 
0.383333 
0.384 
0.384667 
0.385333 
0.386 
0.386667 
0.387333 
0.388 
0.388667 
0.389333 
0.39 
0.390667 
0.391333 
0.392 
0.392667 
0.393333 
0.394 
0.394667 
0.395333 
0.396 
0.396667 
0.397333 
0.398 
0.398667 
0.399333 
0.4 
0.400667 
0.401333 
0.402 
0.402667 
0.403333 
0.404 
0.404667 
0.405333 
0.406 
0.406667 
0.407333 
0.408 
0.408667 
0.409333 
0.41 
0.410667 
0.411333 
0.412 
0.412667 
0.413333 
0.414 
0.414667 
0.415333 
0.416 
0.416667 
0.417333 
0.418 
0.418667 
0.419333 
0.42 
0.420667 
0.421333 
0.422 
0.422667 
0.423333 
0.424 
0.424667 
0.425333 
0.426 
0.426667 
0.427333 
0.428 
0.428667 
0.429333 
0.43 
0.430667 
0.431333 
0.432 
0.432667 
0.433333 
0.434 
0.434667 
0.435333 
0.436 
0.436667 
0.437333 
0.438 
0.438667 
0.439333 
0.44 
0.440667 
0.441333 
0.442 
0.442667 
0.443333 
0.444 
0.444667 
0.445333 
0.446 
0.446667 
0.447333 
0.448 
0.448667 
0.449333 
0.45 
0.450667 
0.451333 
0.452 
0.452667 
0.453333 
0.454 
0.454667 
0.455333 
0.456 
0.456667 
0.457333 
0.458 
0.458667 
0.459333 
0.46 
0.460667 
0.461333 
0.462 
0.462667 
0.463333 
0.464 
0.464667 
0.465333 
0.466 
0.466667 
0.467333 
0.468 
0.468667 
0.469333 
0.47 
0.470667 
0.471333 
0.472 
0.472667 
0.473333 
0.474 
0.474667 
0.475333 
0.476 
0.476667 
0.477333 
0.478 
0.478667 
0.479333 
0.48 
0.480667 
0.481333 
0.482 
0.482667 
0.483333 
0.484 
0.484667 
0.485333 
0.486 
0.486667 
0.487333 
0.488 
0.488667 
0.489333 
0.49 
0.490667 
0.491333 
0.492 
0.492667 
0.493333 
0.494 
0.494667 
0.495333 
0.496 
0.496667 
0.497333 
0.498 
0.498667 
0.499333 
0.5 
0.500667 
0.501333 
0.502 
0.502667 
0.503333 
0.504 
0.504667 
0.505333 
0.506 
0.506667 
0.507333 
0.508 
0.508667 
0.509333 
0.51 
0.510667 
0.511333 
0.512 
0.512667 
0.513333 
0.514 
0.514667 
0.515333 
0.516 
0.516667 
0.517333 
0.518 
0.518667 
0.519333 
0.52 
0.520667 
0.521333 
0.522 
0.522667 
0.523333 
0.524 
0.524667 
0.525333 
0.526 
0.526667 
0.527333 
0.528 
0.528667 
0.529333 
0.53 
0.530667 
0.531333 
0.532 
0.532667 
0.533333 
0.534 
0.534667 
0.535333 
0.536 
0.536667 
0.537333 
0.538 
0.538667 
0.539333 
0.54 
0.540667 
0.541333 
0.542 
0.542667 
0.543333 
0.544 
0.544667 
0.545333 
0.546 
0.546667 
0.547333 
0.548 
0.548667 
0.549333 
0.55 
0.550667 
0.551333 
0.552 
0.552667 
0.553333 
0.554 
0.554667 
0.555333 
0.556 
0.556667 
0.557333 
0.558 
0.558667 
0.559333 
0.56 
0.560667 
0.561333 
0.562 
0.562667 
0.563333 
0.564 
0.564667 
0.565333 
0.566 
0.566667 
0.567333 
0.568 
0.568667 
0.569333 
0.57 
0.570667 
0.571333 
0.572 
0.572667 
0.573333 
0.574 
0.574667 
0.575333 
0.576 
0.576667 
0.577333 
0.578 
0.578667 
0.579333 
0.58 
0.580667 
0.581333 
0.582 
0.582667 
0.583333 
0.584 
0.584667 
0.585333 
0.586 
0.586667 
0.587333 
0.588 
0.588667 
0.589333 
0.59 
0.590667 
0.591333 
0.592 
0.592667 
0.593333 
0.594 
0.594667 
0.595333 
0.596 
0.596667 
0.597333 
0.598 
0.598667 
0.599333 
0.6 
0.600667 
0.601333 
0.602 
0.602667 
0.603333 
0.604 
0.604667 
0.605333 
0.606 
0.606667 
0.607333 
0.608 
0.608667 
0.609333 
0.61 
0.610667 
0.611333 
0.612 
0.612667 
0.613333 
0.614 
0.614667 
0.615333 
0.616 
0.616667 
0.617333 
0.618 
0.618667 
0.619333 
0.62 
0.620667 
0.621333 
0.622 
0.622667 
0.623333 
0.624 
0.624667 
0.625333 
0.626 
0.626667 
0.627333 
0.628 
0.628667 
0.629333 
0.63 
0.630667 
0.631333 
0.632 
0.632667 
0.633333 
0.634 
0.634667 
0.635333 
0.636 
0.636667 
0.637333 
0.638 
0.638667 
0.639333 
0.64 
0.640667 
0.641333 
0.642 
0.642667 
0.643333 
0.644 
0.644667 
0.645333 
0.646 
0.646667 
0.647333 
0.648 
0.648667 
0.649333 
0.65 
0.650667 
0.651333 
0.652 
0.652667 
0.653333 
0.654 
0.654667 
0.655333 
0.656 
0.656667 
0.657333 
0.658 
0.658667 
0.659333 
0.66 
0.660667 
0.661333 
0.662 
0.662667 
0.663333 
0.664 
0.664667 
0.665333 
0.666 
0.666667 
0.667333 
0.668 
0.668667 
0.669333 
0.67 
0.670667 
0.671333 
0.672 
0.672667 
0.673333 
0.674 
0.674667 
0.675333 
0.676 
0.676667 
0.677333 
0.678 
0.678667 
0.679333 
0.68 
0.680667 
0.681333 
0.682 
0.682667 
0.683333 
0.684 
0.684667 
0.685333 
0.686 
0.686667 
0.687333 
0.688 
0.688667 
0.689333 
0.69 
0.690667 
0.691333 
0.692 
0.692667 
0.693333 
0.694 
0.694667 
0.695333 
0.696 
0.696667 
0.697333 
0.698 
0.698667 
0.699333 
0.7 
0.700667 
0.701333 
0.702 
0.702667 
0.703333 
0.704 
0.704667 
0.705333 
0.706 
0.706667 
0.707333 
0.708 
0.708667 
0.709333 
0.71 
0.710667 
0.711333 
0.712 
0.712667 
0.713333 
0.714 
0.714667 
0.715333 
0.716 
0.716667 
0.717333 
0.718 
0.718667 
0.719333 
0.72 
0.720667 
0.721333 
0.722 
0.722667 
0.723333 
0.724 
0.724667 
0.725333 
0.726 
0.726667 
0.727333 
0.728 
0.728667 
0.729333 
0.73 
0.730667 
0.731333 
0.732 
0.732667 
0.733333 
0.734 
0.734667 
0.735333 
0.736 
0.736667 
0.737333 
0.738 
0.738667 
0.739333 
0.74 
0.740667 
0.741333 
0.742 
0.742667 
0.743333 
0.744 
0.744667 
0.745333 
0.746 
0.746667 
0.747333 
0.748 
0.748667 
0.749333 
0.75 
0.750667 
0.751333 
0.752 
0.752667 
0.753333 
0.754 
0.754667 
0.755333 
0.756 
0.756667 
0.757333 
0.758 
0.758667 
0.759333 
0.76 
0.760667 
0.761333 
0.762 
0.762667 
0.763333 
0.764 
0.764667 
0.765333 
0.766 
0.766667 
0.767333 
0.768 
0.768667 
0.769333 
0.77 
0.770667 
0.771333 
0.772 
0.772667 
0.773333 
0.774 
0.774667 
0.775333 
0.776 
0.776667 
0.777333 
0.778 
0.778667 
0.779333 
0.78 
0.780667 
0.781333 
0.782 
0.782667 
0.783333 
0.784 
0.784667 
0.785333 
0.786 
0.786667 
0.787333 
0.788 
0.788667 
0.789333 
0.79 
0.790667 
0.791333 
0.792 
0.792667 
0.793333 
0.794 
0.794667 
0.795333 
0.796 
0.796667 
0.797333 
0.798 
0.798667 
0.799333 
0.8 
0.800667 
0.801333 
0.802 
0.802667 
0.803333 
0.804 
0.804667 
0.805333 
0.806 
0.806667 
0.807333 
0.808 
0.808667 
0.809333 
0.81 
0.810667 
0.811333 
0.812 
0.812667 
0.813333 
0.814 
0.814667 
0.815333 
0.816 
0.816667 
0.817333 
0.818 
0.818667 
0.819333 
0.82 
0.820667 
0.821333 
0.822 
0.822667 
0.823333 
0.824 
0.824667 
0.825333 
0.826 
0.826667 
0.827333 
0.828 
0.828667 
0.829333 
0.83 
0.830667 
0.831333 
0.832 
0.832667 
0.833333 
0.834 
0.834667 
0.835333 
0.836 
0.836667 
0.837333 
0.838 
0.838667 
0.839333 
0.84 
0.840667 
0.841333 
0.842 
0.842667 
0.843333 
0.844 
0.844667 
0.845333 
0.846 
0.846667 
0.847333 
0.848 
0.848667 
0.849333 
0.85 
0.850667 
0.851333 
0.852 
0.852667 
0.853333 
0.854 
0.854667 
0.855333 
0.856 
0.856667 
0.857333 
0.858 
0.858667 
0.859333 
0.86 
0.860667 
0.861333 
0.862 
0.862667 
0.863333 
0.864 
0.864667 
0.865333 
0.866 
0.866667 
0.867333 
0.868 
0.868667 
0.869333 
0.87 
0.870667 
0.871333 
0.872 
0.872667 
0.873333 
0.874 
0.874667 
0.875333 
0.876 
0.876667 
0.877333 
0.878 
0.878667 
0.879333 
0.88 
0.880667 
0.881333 
0.882 
0.882667 
0.883333 
0.884 
0.884667 
0.885333 
0.886 
0.886667 
0.887333 
0.888 
0.888667 
0.889333 
0.89 
0.890667 
0.891333 
0.892 
0.892667 
0.893333 
0.894 
0.894667 
0.895333 
0.896 
0.896667 
0.897333 
0.898 
0.898667 
0.899333 
0.9 
0.900667 
0.901333 
0.902 
0.902667 
0.903333 
0.904 
0.904667 
0.905333 
0.906 
0.906667 
0.907333 
0.908 
0.908667 
0.909333 
0.91 
0.910667 
0.911333 
0.912 
0.912667 
0.913333 
0.914 
0.914667 
0.915333 
0.916 
0.916667 
0.917333 
0.918 
0.918667 
0.919333 
0.92 
0.920667 
0.921333 
0.922 
0.922667 
0.923333 
0.924 
0.924667 
0.925333 
0.926 
0.926667 
0.927333 
0.928 
0.928667 
0.929333 
0.93 
0.930667 
0.931333 
0.932 
0.932667 
0.933333 
0.934 
0.934667 
0.935333 
0.936 
0.936667 
0.937333 
0.938 
0.938667 
0.939333 
0.94 
0.940667 
0.941333 
0.942 
0.942667 
0.943333 
0.944 
0.944667 
0.945333 
0.946 
0.946667 
0.947333 
0.948 
0.948667 
0.949333 
0.95 
0.950667 
0.951333 
0.952 
0.952667 
0.953333 
0.954 
0.954667 
0.955333 
0.956 
0.956667 
0.957333 
0.958 
0.958667 
0.959333 
0.96 
0.960667 
0.961333 
0.962 
0.962667 
0.963333 
0.964 
0.964667 
0.965333 
0.966 
0.966667 
0.967333 
0.968 
0.968667 
0.969333 
0.97 
0.970667 
0.971333 
0.972 
0.972667 
0.973333 
0.974 
0.974667 
0.975333 
0.976 
0.976667 
0.977333 
0.978 
0.978667 
0.979333 
0.98 
0.980667 
0.981333 
0.982 
0.982667 
0.983333 
0.984 
0.984667 
0.985333 
0.986 
0.986667 
0.987333 
0.988 
0.988667 
0.989333 
0.99 
0.990667 
0.991333 
0.992 
0.992667 
0.993333 
0.994 
0.994667 
0.995333 
0.996 
0.996667 
0.997333 
0.998 
0.998667 
0.999333 
1 
1.00067 
1.00133 
1.002 
1.00267 
1.00333 
1.004 
1.00467 
1.00533 
1.006 
1.00667 
1.00733 
1.008 
1.00867 
1.00933 
1.01 
1.01067 
1.01133 
1.012 
1.01267 
1.01333 
1.014 
1.01467 
1.01533 
1.016 
1.01667 
1.01733 
1.018 
1.01867 
1.01933 
1.02 
1.02067 
1.02133 
1.022 
1.02267 
1.02333 
1.024 
1.02467 
1.02533 
1.026 
1.02667 
1.02733 
1.028 
1.02867 
1.02933 
1.03 
1.03067 
1.03133 
1.032 
1.03267 
1.03333 
1.034 
1.03467 
1.03533 
1.036 
1.03667 
1.03733 
1.038 
1.03867 
1.03933 
1.04 
1.04067 
1.04133 
1.042 
1.04267 
1.04333 
1.044 
1.04467 
1.04533 
1.046 
1.04667 
1.04733 
1.048 
1.04867 
1.04933 
1.05 
1.05067 
1.05133 
1.052 
1.05267 
1.05333 
1.054 
1.05467 
1.05533 
1.056 
1.05667 
1.05733 
1.058 
1.05867 
1.05933 
1.06 
1.06067 
1.06133 
1.062 
1.06267 
1.06333 
1.064 
1.06467 
1.06533 
1.066 
1.06667 
1.06733 
1.068 
1.06867 
1.06933 
1.07 
1.07067 
1.07133 
1.072 
1.07267 
1.07333 
1.074 
1.07467 
1.07533 
1.076 
1.07667 
1.07733 
1.078 
1.07867 
1.07933 
1.08 
1.08067 
1.08133 
1.082 
1.08267 
1.08333 
1.084 
1.08467 
1.08533 
1.086 
1.08667 
1.08733 
1.088 
1.08867 
1.08933 
1.09 
1.09067 
1.09133 
1.092 
1.09267 
1.09333 
1.094 
1.09467 
1.09533 
1.096 
1.09667 
1.09733 
1.098 
1.09867 
1.09933 
1.1 
1.10067 
1.10133 
1.102 
1.10267 
1.10333 
1.104 
1.10467 
1.10533 
1.106 
1.10667 
1.10733 
1.108 
1.10867 
1.10933 
1.11 
1.11067 
1.11133 
1.112 
1.11267 
1.11333 
1.114 
1.11467 
1.11533 
1.116 
1.11667 
1.11733 
1.118 
1.11867 
1.11933 
1.12 
1.12067 
1.12133 
1.122 
1.12267 
1.12333 
1.124 
1.12467 
1.12533 
1.126 
1.12667 
1.12733 
1.128 
1.12867 
1.12933 
1.13 
1.13067 
1.13133 
1.132 
1.13267 
1.13333 
1.134 
1.13467 
1.13533 
1.136 
1.13667 
1.13733 
1.138 
1.13867 
1.13933 
1.14 
1.14067 
1.14133 
1.142 
1.14267 
1.14333 
1.144 
1.14467 
1.14533 
1.146 
1.14667 
1.14733 
1.148 
1.14867 
1.14933 
1.15 
1.15067 
1.15133 
1.152 
1.15267 
1.15333 
1.154 
1.15467 
1.15533 
1.156 
1.15667 
1.15733 
1.158 
1.15867 
1.15933 
1.16 
1.16067 
1.16133 
1.162 
1.16267 
1.16333 
1.164 
1.16467 
1.16533 
1.166 
1.16667 
1.16733 
1.168 
1.16867 
1.16933 
1.17 
1.17067 
1.17133 
1.172 
1.17267 
1.17333 
1.174 
1.17467 
1.17533 
1.176 
1.17667 
1.17733 
1.178 
1.17867 
1.17933 
1.18 
1.18067 
1.18133 
1.182 
1.18267 
1.18333 
1.184 
1.18467 
1.18533 
1.186 
1.18667 
1.18733 
1.188 
1.18867 
1.18933 
1.19 
1.19067 
1.19133 
1.192 
1.19267 
1.19333 
1.194 
1.19467 
1.19533 
1.196 
1.19667 
1.19733 
1.198 
1.19867 
1.19933 
1.2 
1.20067 
1.20133 
1.202 
1.20267 
1.20333 
1.204 
1.20467 
1.20533 
1.206 
1.20667 
1.20733 
1.208 
1.20867 
1.20933 
1.21 
1.21067 
1.21133 
1.212 
1.21267 
1.21333 
1.214 
1.21467 
1.21533 
1.216 
1.21667 
1.21733 
1.218 
1.21867 
1.21933 
1.22 
1.22067 
1.22133 
1.222 
1.22267 
1.22333 
1.224 
1.22467 
1.22533 
1.226 
1.22667 
1.22733 
1.228 
1.22867 
1.22933 
1.23 
1.23067 
1.23133 
1.232 
1.23267 
1.23333 
1.234 
1.23467 
1.23533 
1.236 
1.23667 
1.23733 
1.238 
1.23867 
1.23933 
1.24 
1.24067 
1.24133 
1.242 
1.24267 
1.24333 
1.244 
1.24467 
1.24533 
1.246 
1.24667 
1.24733 
1.248 
1.24867 
1.24933 
1.25 
1.25067 
1.25133 
1.252 
1.25267 
1.25333 
1.254 
1.25467 
1.25533 
1.256 
1.25667 
1.25733 
1.258 
1.25867 
1.25933 
1.26 
1.26067 
1.26133 
1.262 
1.26267 
1.26333 
1.264 
1.26467 
1.26533 
1.266 
1.26667 
1.26733 
1.268 
1.26867 
1.26933 
1.27 
1.27067 
1.27133 
1.272 
1.27267 
1.27333 
1.274 
1.27467 
1.27533 
1.276 
1.27667 
1.27733 
1.278 
1.27867 
1.27933 
1.28 
1.28067 
1.28133 
1.282 
1.28267 
1.28333 
1.284 
1.28467 
1.28533 
1.286 
1.28667 
1.28733 
1.288 
1.28867 
1.28933 
1.29 
1.29067 
1.29133 
1.292 
1.29267 
1.29333 
1.294 
1.29467 
1.29533 
1.296 
1.29667 
1.29733 
1.298 
1.29867 
1.29933 
1.3 
1.30067 
1.30133 
1.302 
1.30267 
1.30333 
1.304 
1.30467 
1.30533 
1.306 
1.30667 
1.30733 
1.308 
1.30867 
1.30933 
1.31 
1.31067 
1.31133 
1.312 
1.31267 
1.31333 
1.314 
1.31467 
1.31533 
1.316 
1.31667 
1.31733 
1.318 
1.31867 
1.31933 
1.32 
1.32067 
1.32133 
1.322 
1.32267 
1.32333 
1.324 
1.32467 
1.32533 
1.326 
1.32667 
1.32733 
1.328 
1.32867 
1.32933 
1.33 
1.33067 
1.33133 
1.332 
1.33267 
1.33333 
1.334 
1.33467 
1.33533 
1.336 
1.33667 
1.33733 
1.338 
1.33867 
1.33933 
1.34 
1.34067 
1.34133 
1.342 
1.34267 
1.34333 
1.344 
1.34467 
1.34533 
1.346 
1.34667 
1.34733 
1.348 
1.34867 
1.34933 
1.35 
1.35067 
1.35133 
1.352 
1.35267 
1.35333 
1.354 
1.35467 
1.35533 
1.356 
1.35667 
1.35733 
1.358 
1.35867 
1.35933 
1.36 
1.36067 
1.36133 
1.362 
1.36267 
1.36333 
1.364 
1.36467 
1.36533 
1.366 
1.36667 
1.36733 
1.368 
1.36867 
1.36933 
1.37 
1.37067 
1.37133 
1.372 
1.37267 
1.37333 
1.374 
1.37467 
1.37533 
1.376 
1.37667 
1.37733 
1.378 
1.37867 
1.37933 
1.38 
1.38067 
1.38133 
1.382 
1.38267 
1.38333 
1.384 
1.38467 
1.38533 
1.386 
1.38667 
1.38733 
1.388 
1.38867 
1.38933 
1.39 
1.39067 
1.39133 
1.392 
1.39267 
1.39333 
1.394 
1.39467 
1.39533 
1.396 
1.39667 
1.39733 
1.398 
1.39867 
1.39933 
1.4 
1.40067 
1.40133 
1.402 
1.40267 
1.40333 
1.404 
1.40467 
1.40533 
1.406 
1.40667 
1.40733 
1.408 
1.40867 
1.40933 
1.41 
1.41067 
1.41133 
1.412 
1.41267 
1.41333 
1.414 
1.41467 
1.41533 
1.416 
1.41667 
1.41733 
1.418 
1.41867 
1.41933 
1.42 
1.42067 
1.42133 
1.422 
1.42267 
1.42333 
1.424 
1.42467 
1.42533 
1.426 
1.42667 
1.42733 
1.428 
1.42867 
1.42933 
1.43 
1.43067 
1.43133 
1.432 
1.43267 
1.43333 
1.434 
1.43467 
1.43533 
1.436 
1.43667 
1.43733 
1.438 
1.43867 
1.43933 
1.44 
1.44067 
1.44133 
1.442 
1.44267 
1.44333 
1.444 
1.44467 
1.44533 
1.446 
1.44667 
1.44733 
1.448 
1.44867 
1.44933 
1.45 
1.45067 
1.45133 
1.452 
1.45267 
1.45333 
1.454 
1.45467 
1.45533 
1.456 
1.45667 
1.45733 
1.458 
1.45867 
1.45933 
1.46 
1.46067 
1.46133 
1.462 
1.46267 
1.46333 
1.464 
1.46467 
1.46533 
1.466 
1.46667 
1.46733 
1.468 
1.46867 
1.46933 
1.47 
1.47067 
1.47133 
1.472 
1.47267 
1.47333 
1.474 
1.47467 
1.47533 
1.476 
1.47667 
1.47733 
1.478 
1.47867 
1.47933 
1.48 
1.48067 
1.48133 
1.482 
1.48267 
1.48333 
1.484 
1.48467 
1.48533 
1.486 
1.48667 
1.48733 
1.488 
1.48867 
1.48933 
1.49 
1.49067 
1.49133 
1.492 
1.49267 
1.49333 
1.494 
1.49467 
1.49533 
1.496 
1.49667 
1.49733 
1.498 
1.49867 
1.49933 
1.5 
1.50067 
1.50133 
1.502 
1.50267 
1.50333 
1.504 
1.50467 
1.50533 
1.506 
1.50667 
1.50733 
1.508 
1.50867 
1.50933 
1.51 
1.51067 
1.51133 
1.512 
1.51267 
1.51333 
1.514 
1.51467 
1.51533 
1.516 
1.51667 
1.51733 
1.518 
1.51867 
1.51933 
1.52 
1.52067 
1.52133 
1.522 
1.52267 
1.52333 
1.524 
1.52467 
1.52533 
1.526 
1.52667 
1.52733 
1.528 
1.52867 
1.52933 
1.53 
1.53067 
1.53133 
1.532 
1.53267 
1.53333 
1.534 
1.53467 
1.53533 
1.536 
1.53667 
1.53733 
1.538 
1.53867 
1.53933 
1.54 
1.54067 
1.54133 
1.542 
1.54267 
1.54333 
1.544 
1.54467 
1.54533 
1.546 
1.54667 
1.54733 
1.548 
1.54867 
1.54933 
1.55 
1.55067 
1.55133 
1.552 
1.55267 
1.55333 
1.554 
1.55467 
1.55533 
1.556 
1.55667 
1.55733 
1.558 
1.55867 
1.55933 
1.56 
1.56067 
1.56133 
1.562 
1.56267 
1.56333 
1.564 
1.56467 
1.56533 
1.566 
1.56667 
1.56733 
1.568 
1.56867 
1.56933 
1.57 
1.57067 
1.57133 
1.572 
1.57267 
1.57333 
1.574 
1.57467 
1.57533 
1.576 
1.57667 
1.57733 
1.578 
1.57867 
1.57933 
1.58 
1.58067 
1.58133 
1.582 
1.58267 
1.58333 
1.584 
1.58467 
1.58533 
1.586 
1.58667 
1.58733 
1.588 
1.58867 
1.58933 
1.59 
1.59067 
1.59133 
1.592 
1.59267 
1.59333 
1.594 
1.59467 
1.59533 
1.596 
1.59667 
1.59733 
1.598 
1.59867 
1.59933 
1.6 
1.60067 
1.60133 
1.602 
1.60267 
1.60333 
1.604 
1.60467 
1.60533 
1.606 
1.60667 
1.60733 
1.608 
1.60867 
1.60933 
1.61 
1.61067 
1.61133 
1.612 
1.61267 
1.61333 
1.614 
1.61467 
1.61533 
1.616 
1.61667 
1.61733 
1.618 
1.61867 
1.61933 
1.62 
1.62067 
1.62133 
1.622 
1.62267 
1.62333 
1.624 
1.62467 
1.62533 
1.626 
1.62667 
1.62733 
1.628 
1.62867 
1.62933 
1.63 
1.63067 
1.63133 
1.632 
1.63267 
1.63333 
1.634 
1.63467 
1.63533 
1.636 
1.63667 
1.63733 
1.638 
1.63867 
1.63933 
1.64 
1.64067 
1.64133 
1.642 
1.64267 
1.64333 
1.644 
1.64467 
1.64533 
1.646 
1.64667 
1.64733 
1.648 
1.64867 
1.64933 
1.65 
1.65067 
1.65133 
1.652 
1.65267 
1.65333 
1.654 
1.65467 
1.65533 
1.656 
1.65667 
1.65733 
1.658 
1.65867 
1.65933 
1.66 
1.66067 
1.66133 
1.662 
1.66267 
1.66333 
1.664 
1.66467 
1.66533 
1.666 
1.66667 
1.66733 
1.668 
1.66867 
1.66933 
1.67 
1.67067 
1.67133 
1.672 
1.67267 
1.67333 
1.674 
1.67467 
1.67533 
1.676 
1.67667 
1.67733 
1.678 
1.67867 
1.67933 
1.68 
1.68067 
1.68133 
1.682 
1.68267 
1.68333 
1.684 
1.68467 
1.68533 
1.686 
1.68667 
1.68733 
1.688 
1.68867 
1.68933 
1.69 
1.69067 
1.69133 
1.692 
1.69267 
1.69333 
1.694 
1.69467 
1.69533 
1.696 
1.69667 
1.69733 
1.698 
1.69867 
1.69933 
1.7 
1.70067 
1.70133 
1.702 
1.70267 
1.70333 
1.704 
1.70467 
1.70533 
1.706 
1.70667 
1.70733 
1.708 
1.70867 
1.70933 
1.71 
1.71067 
1.71133 
1.712 
1.71267 
1.71333 
1.714 
1.71467 
1.71533 
1.716 
1.71667 
1.71733 
1.718 
1.71867 
1.71933 
1.72 
1.72067 
1.72133 
1.722 
1.72267 
1.72333 
1.724 
1.72467 
1.72533 
1.726 
1.72667 
1.72733 
1.728 
1.72867 
1.72933 
1.73 
1.73067 
1.73133 
1.732 
1.73267 
1.73333 
1.734 
1.73467 
1.73533 
1.736 
1.73667 
1.73733 
1.738 
1.73867 
1.73933 
1.74 
1.74067 
1.74133 
1.742 
1.74267 
1.74333 
1.744 
1.74467 
1.74533 
1.746 
1.74667 
1.74733 
1.748 
1.74867 
1.74933 
1.75 
1.75067 
1.75133 
1.752 
1.75267 
1.75333 
1.754 
1.75467 
1.75533 
1.756 
1.75667 
1.75733 
1.758 
1.75867 
1.75933 
1.76 
1.76067 
1.76133 
1.762 
1.76267 
1.76333 
1.764 
1.76467 
1.76533 
1.766 
1.76667 
1.76733 
1.768 
1.76867 
1.76933 
1.77 
1.77067 
1.77133 
1.772 
1.77267 
1.77333 
1.774 
1.77467 
1.77533 
1.776 
1.77667 
1.77733 
1.778 
1.77867 
1.77933 
1.78 
1.78067 
1.78133 
1.782 
1.78267 
1.78333 
1.784 
1.78467 
1.78533 
1.786 
1.78667 
1.78733 
1.788 
1.78867 
1.78933 
1.79 
1.79067 
1.79133 
1.792 
1.79267 
1.79333 
1.794 
1.79467 
1.79533 
1.796 
1.79667 
1.79733 
1.798 
1.79867 
1.79933 
1.8 
1.80067 
1.80133 
1.802 
1.80267 
1.80333 
1.804 
1.80467 
1.80533 
1.806 
1.80667 
1.80733 
1.808 
1.80867 
1.80933 
1.81 
1.81067 
1.81133 
1.812 
1.81267 
1.81333 
1.814 
1.81467 
1.81533 
1.816 
1.81667 
1.81733 
1.818 
1.81867 
1.81933 
1.82 
1.82067 
1.82133 
1.822 
1.82267 
1.82333 
1.824 
1.82467 
1.82533 
1.826 
1.82667 
1.82733 
1.828 
1.82867 
1.82933 
1.83 
1.83067 
1.83133 
1.832 
1.83267 
1.83333 
1.834 
1.83467 
1.83533 
1.836 
1.83667 
1.83733 
1.838 
1.83867 
1.83933 
1.84 
1.84067 
1.84133 
1.842 
1.84267 
1.84333 
1.844 
1.84467 
1.84533 
1.846 
1.84667 
1.84733 
1.848 
1.84867 
1.84933 
1.85 
1.85067 
1.85133 
1.852 
1.85267 
1.85333 
1.854 
1.85467 
1.85533 
1.856 
1.85667 
1.85733 
1.858 
1.85867 
1.85933 
1.86 
1.86067 
1.86133 
1.862 
1.86267 
1.86333 
1.864 
1.86467 
1.86533 
1.866 
1.86667 
1.86733 
1.868 
1.86867 
1.86933 
1.87 
1.87067 
1.87133 
1.872 
1.87267 
1.87333 
1.874 
1.87467 
1.87533 
1.876 
1.87667 
1.87733 
1.878 
1.87867 
1.87933 
1.88 
1.88067 
1.88133 
1.882 
1.88267 
1.88333 
1.884 
1.88467 
1.88533 
1.886 
1.88667 
1.88733 
1.888 
1.88867 
1.88933 
1.89 
1.89067 
1.89133 
1.892 
1.89267 
1.89333 
1.894 
1.89467 
1.89533 
1.896 
1.89667 
1.89733 
1.898 
1.89867 
1.89933 
1.9 
1.90067 
1.90133 
1.902 
1.90267 
1.90333 
1.904 
1.90467 
1.90533 
1.906 
1.90667 
1.90733 
1.908 
1.90867 
1.90933 
1.91 
1.91067 
1.91133 
1.912 
1.91267 
1.91333 
1.914 
1.91467 
1.91533 
1.916 
1.91667 
1.91733 
1.918 
1.91867 
1.91933 
1.92 
1.92067 
1.92133 
1.922 
1.92267 
1.92333 
1.924 
1.92467 
1.92533 
1.926 
1.92667 
1.92733 
1.928 
1.92867 
1.92933 
1.93 
1.93067 
1.93133 
1.932 
1.93267 
1.93333 
1.934 
1.93467 
1.93533 
1.936 
1.93667 
1.93733 
1.938 
1.93867 
1.93933 
1.94 
1.94067 
1.94133 
1.942 
1.94267 
1.94333 
1.944 
1.94467 
1.94533 
1.946 
1.94667 
1.94733 
1.948 
1.94867 
1.94933 
1.95 
1.95067 
1.95133 
1.952 
1.95267 
1.95333 
1.954 
1.95467 
1.95533 
1.956 
1.95667 
1.95733 
1.958 
1.95867 
1.95933 
1.96 
1.96067 
1.96133 
1.962 
1.96267 
1.96333 
1.964 
1.96467 
1.96533 
1.966 
1.96667 
1.96733 
1.968 
1.96867 
1.96933 
1.97 
1.97067 
1.97133 
1.972 
1.97267 
1.97333 
1.974 
1.97467 
1.97533 
1.976 
1.97667 
1.97733 
1.978 
1.97867 
1.97933 
1.98 
1.98067 
1.98133 
1.982 
1.98267 
1.98333 
1.984 
1.98467 
1.98533 
1.986 
1.98667 
1.98733 
1.988 
1.98867 
1.98933 
1.99 
1.99067 
1.99133 
1.992 
1.99267 
1.99333 
1.994 
1.99467 
1.99533 
1.996 
1.99667 
1.99733 
1.998 
1.99867 
1.99933 
2 
2.00067 
2.00133 
2.002 
2.00267 
2.00333 
2.004 
2.00467 
2.00533 
2.006 
2.00667 
2.00733 
2.008 
2.00867 
2.00933 
2.01 
2.01067 
2.01133 
2.012 
2.01267 
2.01333 
2.014 
2.01467 
2.01533 
2.016 
2.01667 
2.01733 
2.018 
2.01867 
2.01933 
2.02 
2.02067 
2.02133 
2.022 
2.02267 
2.02333 
2.024 
2.02467 
2.02533 
2.026 
2.02667 
2.02733 
2.028 
2.02867 
2.02933 
2.03 
2.03067 
2.03133 
2.032 
2.03267 
2.03333 
2.034 
2.03467 
2.03533 
2.036 
2.03667 
2.03733 
2.038 
2.03867 
2.03933 
2.04 
2.04067 
2.04133 
2.042 
2.04267 
2.04333 
2.044 
2.04467 
2.04533 
2.046 
2.04667 
2.04733 
2.048 
2.04867 
2.04933 
2.05 
2.05067 
2.05133 
2.052 
2.05267 
2.05333 
2.054 
2.05467 
2.05533 
2.056 
2.05667 
2.05733 
2.058 
2.05867 
2.05933 
2.06 
2.06067 
2.06133 
2.062 
2.06267 
2.06333 
2.064 
2.06467 
2.06533 
2.066 
2.06667 
2.06733 
2.068 
2.06867 
2.06933 
2.07 
2.07067 
2.07133 
2.072 
2.07267 
2.07333 
2.074 
2.07467 
2.07533 
2.076 
2.07667 
2.07733 
2.078 
2.07867 
2.07933 
2.08 
2.08067 
2.08133 
2.082 
2.08267 
2.08333 
2.084 
2.08467 
2.08533 
2.086 
2.08667 
2.08733 
2.088 
2.08867 
2.08933 
2.09 
2.09067 
2.09133 
2.092 
2.09267 
2.09333 
2.094 
2.09467 
2.09533 
2.096 
2.09667 
2.09733 
2.098 
2.09867 
2.09933 
2.1 
2.10067 
2.10133 
2.102 
2.10267 
2.10333 
2.104 
2.10467 
2.10533 
2.106 
2.10667 
2.10733 
2.108 
2.10867 
2.10933 
2.11 
2.11067 
2.11133 
2.112 
2.11267 
2.11333 
2.114 
2.11467 
2.11533 
2.116 
2.11667 
2.11733 
2.118 
2.11867 
2.11933 
2.12 
2.12067 
2.12133 
2.122 
2.12267 
2.12333 
2.124 
2.12467 
2.12533 
2.126 
2.12667 
2.12733 
2.128 
2.12867 
2.12933 
2.13 
2.13067 
2.13133 
2.132 
2.13267 
2.13333 
2.134 
2.13467 
2.13533 
2.136 
2.13667 
2.13733 
2.138 
2.13867 
2.13933 
2.14 
2.14067 
2.14133 
2.142 
2.14267 
2.14333 
2.144 
2.14467 
2.14533 
2.146 
2.14667 
2.14733 
2.148 
2.14867 
2.14933 
2.15 
2.15067 
2.15133 
2.152 
2.15267 
2.15333 
2.154 
2.15467 
2.15533 
2.156 
2.15667 
2.15733 
2.158 
2.15867 
2.15933 
2.16 
2.16067 
2.16133 
2.162 
2.16267 
2.16333 
2.164 
2.16467 
2.16533 
2.166 
2.16667 
2.16733 
2.168 
2.16867 
2.16933 
2.17 
2.17067 
2.17133 
2.172 
2.17267 
2.17333 
2.174 
2.17467 
2.17533 
2.176 
2.17667 
2.17733 
2.178 
2.17867 
2.17933 
2.18 
2.18067 
2.18133 
2.182 
2.18267 
2.18333 
2.184 
2.18467 
2.18533 
2.186 
2.18667 
2.18733 
2.188 
2.18867 
2.18933 
2.19 
2.19067 
2.19133 
2.192 
2.19267 
2.19333 
2.194 
2.19467 
2.19533 
2.196 
2.19667 
2.19733 
2.198 
2.19867 
2.19933 
2.2 
2.20067 
2.20133 
2.202 
2.20267 
2.20333 
2.204 
2.20467 
2.20533 
2.206 
2.20667 
2.20733 
2.208 
2.20867 
2.20933 
2.21 
2.21067 
2.21133 
2.212 
2.21267 
2.21333 
2.214 
2.21467 
2.21533 
2.216 
2.21667 
2.21733 
2.218 
2.21867 
2.21933 
2.22 
2.22067 
2.22133 
2.222 
2.22267 
2.22333 
2.224 
2.22467 
2.22533 
2.226 
2.22667 
2.22733 
2.228 
2.22867 
2.22933 
2.23 
2.23067 
2.23133 
2.232 
2.23267 
2.23333 
2.234 
2.23467 
2.23533 
2.236 
2.23667 
2.23733 
2.238 
2.23867 
2.23933 
2.24 
2.24067 
2.24133 
2.242 
2.24267 
2.24333 
2.244 
2.24467 
2.24533 
2.246 
2.24667 
2.24733 
2.248 
2.24867 
2.24933 
2.25 
2.25067 
2.25133 
2.252 
2.25267 
2.25333 
2.254 
2.25467 
2.25533 
2.256 
2.25667 
2.25733 
2.258 
2.25867 
2.25933 
2.26 
2.26067 
2.26133 
2.262 
2.26267 
2.26333 
2.264 
2.26467 
2.26533 
2.266 
2.26667 
2.26733 
2.268 
2.26867 
2.26933 
2.27 
2.27067 
2.27133 
2.272 
2.27267 
2.27333 
2.274 
2.27467 
2.27533 
2.276 
2.27667 
2.27733 
2.278 
2.27867 
2.27933 
2.28 
2.28067 
2.28133 
2.282 
2.28267 
2.28333 
2.284 
2.28467 
2.28533 
2.286 
2.28667 
2.28733 
2.288 
2.28867 
2.28933 
2.29 
2.29067 
2.29133 
2.292 
2.29267 
2.29333 
2.294 
2.29467 
2.29533 
2.296 
2.29667 
2.29733 
2.298 
2.29867 
2.29933 
2.3 
2.30067 
2.30133 
2.302 
2.30267 
2.30333 
2.304 
2.30467 
2.30533 
2.306 
2.30667 
2.30733 
2.308 
2.30867 
2.30933 
2.31 
2.31067 
2.31133 
2.312 
2.31267 
2.31333 
2.314 
2.31467 
2.31533 
2.316 
2.31667 
2.31733 
2.318 
2.31867 
2.31933 
2.32 
2.32067 
2.32133 
2.322 
2.32267 
2.32333 
2.324 
2.32467 
2.32533 
2.326 
2.32667 
2.32733 
2.328 
2.32867 
2.32933 
2.33 
2.33067 
2.33133 
2.332 
2.33267 
2.33333 
2.334 
2.33467 
2.33533 
2.336 
2.33667 
2.33733 
2.338 
2.33867 
2.33933 
2.34 
2.34067 
2.34133 
2.342 
2.34267 
2.34333 
2.344 
2.34467 
2.34533 
2.346 
2.34667 
2.34733 
2.348 
2.34867 
2.34933 
2.35 
2.35067 
2.35133 
2.352 
2.35267 
2.35333 
2.354 
2.35467 
2.35533 
2.356 
2.35667 
2.35733 
2.358 
2.35867 
2.35933 
2.36 
2.36067 
2.36133 
2.362 
2.36267 
2.36333 
2.364 
2.36467 
2.36533 
2.366 
2.36667 
2.36733 
2.368 
2.36867 
2.36933 
2.37 
2.37067 
2.37133 
2.372 
2.37267 
2.37333 
2.374 
2.37467 
2.37533 
2.376 
2.37667 
2.37733 
2.378 
2.37867 
2.37933 
2.38 
2.38067 
2.38133 
2.382 
2.38267 
2.38333 
2.384 
2.38467 
2.38533 
2.386 
2.38667 
2.38733 
2.388 
2.38867 
2.38933 
2.39 
2.39067 
2.39133 
2.392 
2.39267 
2.39333 
2.394 
2.39467 
2.39533 
2.396 
2.39667 
2.39733 
2.398 
2.39867 
2.39933 
2.4 
2.40067 
2.40133 
2.402 
2.40267 
2.40333 
2.404 
2.40467 
2.40533 
2.406 
2.40667 
2.40733 
2.408 
2.40867 
2.40933 
2.41 
2.41067 
2.41133 
2.412 
2.41267 
2.41333 
2.414 
2.41467 
2.41533 
2.416 
2.41667 
2.41733 
2.418 
2.41867 
2.41933 
2.42 
2.42067 
2.42133 
2.422 
2.42267 
2.42333 
2.424 
2.42467 
2.42533 
2.426 
2.42667 
2.42733 
2.428 
2.42867 
2.42933 
2.43 
2.43067 
2.43133 
2.432 
2.43267 
2.43333 
2.434 
2.43467 
2.43533 
2.436 
2.43667 
2.43733 
2.438 
2.43867 
2.43933 
2.44 
2.44067 
2.44133 
2.442 
2.44267 
2.44333 
2.444 
2.44467 
2.44533 
2.446 
2.44667 
2.44733 
2.448 
2.44867 
2.44933 
2.45 
2.45067 
2.45133 
2.452 
2.45267 
2.45333 
2.454 
2.45467 
2.45533 
2.456 
2.45667 
2.45733 
2.458 
2.45867 
2.45933 
2.46 
2.46067 
2.46133 
2.462 
2.46267 
2.46333 
2.464 
2.46467 
2.46533 
2.466 
2.46667 
2.46733 
2.468 
2.46867 
2.46933 
2.47 
2.47067 
2.47133 
2.472 
2.47267 
2.47333 
2.474 
2.47467 
2.47533 
2.476 
2.47667 
2.47733 
2.478 
2.47867 
2.47933 
2.48 
2.48067 
2.48133 
2.482 
2.48267 
2.48333 
2.484 
2.48467 
2.48533 
2.486 
2.48667 
2.48733 
2.488 
2.48867 
2.48933 
2.49 
2.49067 
2.49133 
2.492 
2.49267 
2.49333 
2.494 
2.49467 
2.49533 
2.496 
2.49667 
2.49733 
2.498 
2.49867 
2.49933 
2.5 
2.50067 
2.50133 
2.502 
2.50267 
2.50333 
2.504 
2.50467 
2.50533 
2.506 
2.50667 
2.50733 
2.508 
2.50867 
2.50933 
2.51 
2.51067 
2.51133 
2.512 
2.51267 
2.51333 
2.514 
2.51467 
2.51533 
2.516 
2.51667 
2.51733 
2.518 
2.51867 
2.51933 
2.52 
2.52067 
2.52133 
2.522 
2.52267 
2.52333 
2.524 
2.52467 
2.52533 
2.526 
2.52667 
2.52733 
2.528 
2.52867 
2.52933 
2.53 
2.53067 
2.53133 
2.532 
2.53267 
2.53333 
2.534 
2.53467 
2.53533 
2.536 
2.53667 
2.53733 
2.538 
2.5385 
2.539 
2.5395 
2.54 
2.54057 
2.54114 
2.54171 
2.54229 
2.54286 
2.54343