2 0 -1 1
4 0.0029238 -1.0003 1
2 0.00763636 -1.00102 1.00096
2 0.0132 -1.002 1.00186
2 0.0193333 -1.00345 1.00317
2 0.026 -1.00532 1.0049
2 0.0326667 -1.0074 1.00683
2 0.0393333 -1.00963 1.00891
2 0.046 -1.01197 1.01113
2 0.0526667 -1.01439 1.01344
2 0.0593333 -1.01688 1.01585
2 0.066 -1.01943 1.01836
2 0.0726667 -1.02203 1.02095
2 0.0793333 -1.02465 1.02361
2 0.086 -1.02727 1.02631
2 0.0926667 -1.02986 1.02904
3 0.0993333 -1.03229 1.03171
2 0.106 -1.03478 1.03432
2 0.112667 -1.03742 1.0372
2 0.119333 -1.0401 1.04017
2 0.126 -1.04279 1.0432
2 0.132667 -1.04546 1.04625
2 0.139333 -1.04812 1.0493
2 0.146 -1.05073 1.05236
2 0.152667 -1.05332 1.05542
2 0.159333 -1.05587 1.05846
2 0.166 -1.05838 1.06146
2 0.172667 -1.06083 1.06432
2 0.179333 -1.06312 1.06728
2 0.186 -1.06543 1.07027
2 0.192667 -1.06777 1.07323
2 0.199333 -1.07007 1.07616
2 0.206 -1.07232 1.07906
2 0.212667 -1.07451 1.0819
2 0.219333 -1.07664 1.08471
2 0.226 -1.07872 1.08748
2 0.232667 -1.08075 1.09019
2 0.239333 -1.08272 1.09284
2 0.246 -1.08465 1.09539
2 0.252667 -1.08652 1.09795
2 0.259333 -1.08833 1.10048
2 0.266 -1.09008 1.10296
2 0.272667 -1.09177 1.1054
2 0.279333 -1.0934 1.1078
2 0.286 -1.09494 1.11015
2 0.292667 -1.09651 1.11245
2 0.299333 -1.09805 1.11472
2 0.306 -1.09954 1.11692
2 0.312667 -1.101 1.11909
2 0.319333 -1.10241 1.1212
2 0.326 -1.10379 1.12327
3 0.332667 -1.10513 1.125
2 0.339333 -1.10643 1.12726
2 0.346 -1.10769 1.12921
2 0.352667 -1.10893 1.13112
2 0.359333 -1.11015 1.13299
2 0.366 -1.11133 1.13483
2 0.372667 -1.11249 1.13665
2 0.379333 -1.11363 1.13843
2 0.386 -1.11476 1.14019
2 0.392667 -1.11585 1.14192
2 0.399333 -1.11694 1.14363
2 0.406 -1.118 1.14532
2 0.412667 -1.11905 1.14699
2 0.419333 -1.12008 1.14864
2 0.426 -1.1211 1.15027
2 0.432667 -1.12212 1.15189
2 0.439333 -1.12313 1.15349
2 0.446 -1.12413 1.15508
4 0.452667 -1.12511 1.15625
2 0.459333 -1.12609 1.15822
2 0.466 -1.12708 1.1598
2 0.472667 -1.12807 1.16137
2 0.479333 -1.12905 1.16294
2 0.486 -1.13003 1.1645
2 0.492667 -1.131 1.16606
2 0.499333 -1.13196 1.1676
2 0.506 -1.13293 1.16915
2 0.512667 -1.13389 1.17068
2 0.519333 -1.13485 1.17221
2 0.526 -1.1358 1.17374
2 0.532667 -1.13675 1.17527
2 0.539333 -1.13769 1.17679
2 0.546 -1.13863 1.17831
2 0.552667 -1.13956 1.17983
2 0.559333 -1.14048 1.18134
2 0.566 -1.1414 1.18286
2 0.572667 -1.14232 1.18438
2 0.579333 -1.14323 1.1859
2 0.586 -1.14414 1.18741
2 0.592667 -1.14505 1.18893
2 0.599333 -1.14594 1.19044
2 0.606 -1.14684 1.19193
2 0.612667 -1.14773 1.1934
2 0.619333 -1.14861 1.19491
2 0.626 -1.14948 1.19642
2 0.632667 -1.15034 1.19793
2 0.639333 -1.15119 1.19945
2 0.646 -1.15204 1.20094
2 0.652667 -1.15289 1.20245
2 0.659333 -1.15372 1.20398
2 0.666 -1.15456 1.20551
2 0.672667 -1.15538 1.20702
2 0.679333 -1.1562 1.20852
2 0.686 -1.15702 1.21002
2 0.692667 -1.15784 1.21149
2 0.699333 -1.15866 1.21298
2 0.706 -1.15948 1.21446
2 0.712667 -1.16029 1.21596
2 0.719333 -1.16109 1.21744
3 0.726 -1.16189 1.21875
2 0.732667 -1.16269 1.22041
2 0.739333 -1.16347 1.22189
2 0.746 -1.16426 1.22337
2 0.752667 -1.16503 1.22484
2 0.759333 -1.16579 1.22631
2 0.766 -1.16656 1.22777
2 0.772667 -1.16732 1.22924
2 0.779333 -1.16807 1.23071
2 0.786 -1.16882 1.23217
2 0.792667 -1.16957 1.23364
2 0.799333 -1.1703 1.23511
2 0.806 -1.17103 1.23657
2 0.812667 -1.17175 1.23802
2 0.819333 -1.17246 1.23947
2 0.826 -1.17317 1.24093
2 0.832667 -1.17387 1.24238
2 0.839333 -1.17456 1.24383
2 0.846 -1.17524 1.24528
2 0.852667 -1.17592 1.24673
2 0.859333 -1.1766 1.24817
2 0.866 -1.17727 1.24961
2 0.872667 -1.17792 1.25104
2 0.879333 -1.17858 1.25247
2 0.886 -1.17923 1.25391
2 0.892667 -1.17987 1.25532
2 0.899333 -1.18051 1.25674
2 0.906 -1.18114 1.25815
2 0.912667 -1.18176 1.25957
2 0.919333 -1.18237 1.26097
2 0.926 -1.18298 1.26237
2 0.932667 -1.18357 1.26378
2 0.939333 -1.18416 1.26519
2 0.946 -1.18475 1.2666
2 0.952667 -1.18533 1.26798
2 0.959333 -1.1859 1.26936
2 0.966 -1.18646 1.27073
2 0.972667 -1.18702 1.2721
3 0.979333 -1.18757 1.27346
2 0.986 -1.18813 1.27481
2 0.992667 -1.18868 1.27617
2 0.999333 -1.18924 1.27752
2 1.006 -1.19006 1.27957
3 1.01267 -1.19121 1.28125
2 1.01933 -1.19247 1.28341
2 1.026 -1.19381 1.28543
2 1.03267 -1.19521 1.28761
2 1.03933 -1.19666 1.28989
2 1.046 -1.19817 1.29223
2 1.05267 -1.19976 1.29466
2 1.05933 -1.20141 1.29717
2 1.066 -1.20314 1.29976
2 1.07267 -1.20511 1.30243
2 1.07933 -1.20707 1.30519
2 1.086 -1.20904 1.30802
2 1.09267 -1.21105 1.31092
2 1.09933 -1.2131 1.31371
2 1.106 -1.21516 1.31669
2 1.11267 -1.21724 1.31991
3 1.11933 -1.21922 1.32323
2 1.126 -1.22118 1.32662
2 1.13267 -1.22336 1.33007
2 1.13933 -1.2256 1.33357
2 1.146 -1.22787 1.33713
2 1.15267 -1.23012 1.34072
2 1.15933 -1.23237 1.34427
2 1.166 -1.23459 1.34782
2 1.17267 -1.2368 1.35152
2 1.17933 -1.23898 1.35527
2 1.186 -1.24113 1.35905
2 1.19267 -1.24323 1.36283
2 1.19933 -1.24529 1.36661
2 1.206 -1.24729 1.37038
2 1.21267 -1.24921 1.37413
2 1.21933 -1.25097 1.37781
2 1.226 -1.25279 1.38152
2 1.23267 -1.25459 1.38521
2 1.23933 -1.25634 1.38887
2 1.246 -1.25803 1.39249
2 1.25267 -1.25966 1.39607
2 1.25933 -1.26122 1.39961
2 1.266 -1.2627 1.40309
3 1.27267 -1.26411 1.40625
2 1.27933 -1.26544 1.40981
2 1.286 -1.26671 1.41309
2 1.29267 -1.2679 1.41631
2 1.29933 -1.26901 1.41947
2 1.306 -1.27005 1.42256
2 1.31267 -1.27101 1.42558
2 1.31933 -1.2719 1.42851
2 1.326 -1.27271 1.43138
2 1.33267 -1.27345 1.43416
2 1.33933 -1.27411 1.43687
2 1.346 -1.2747 1.43943
2 1.35267 -1.27522 1.44199
2 1.35933 -1.27568 1.44444
2 1.366 -1.27607 1.44679
2 1.37267 -1.27641 1.44906
2 1.37933 -1.27668 1.45125
2 1.386 -1.2769 1.45336
2 1.39267 -1.27706 1.45539
2 1.39933 -1.27719 1.45735
2 1.406 -1.27726 1.45923
2 1.41267 -1.27731 1.46105
2 1.41933 -1.27732 1.4628
2 1.426 -1.2773 1.46449
2 1.43267 -1.27726 1.46612
2 1.43933 -1.2772 1.4677
2 1.446 -1.27712 1.46923
2 1.45267 -1.27703 1.47072
2 1.45933 -1.27694 1.47216
2 1.466 -1.27684 1.47357
2 1.47267 -1.27674 1.47495
2 1.47933 -1.27664 1.4763
2 1.486 -1.27656 1.47763
2 1.49267 -1.27648 1.47895
2 1.49933 -1.27642 1.48026
2 1.506 -1.27637 1.48157
2 1.51267 -1.27634 1.48287
2 1.51933 -1.27634 1.48418
2 1.526 -1.27635 1.4855
2 1.53267 -1.27639 1.48684
2 1.53933 -1.27646 1.48819
2 1.546 -1.27655 1.48956
2 1.55267 -1.27668 1.49097
2 1.55933 -1.27683 1.4924
2 1.566 -1.27702 1.49386
2 1.57267 -1.27724 1.49537
2 1.57933 -1.27749 1.49691
2 1.586 -1.27777 1.49851
3 1.59267 -1.27808 1.5
2 1.59933 -1.27843 1.50183
2 1.606 -1.2788 1.50357
2 1.61267 -1.27921 1.50536
2 1.61933 -1.27964 1.50719
2 1.626 -1.2801 1.50908
2 1.63267 -1.28057 1.51103
2 1.63933 -1.28106 1.51303
3 1.646 -1.28156 1.51509
2 1.65267 -1.28211 1.5172
2 1.65933 -1.2827 1.51937
2 1.666 -1.2833 1.52159
2 1.67267 -1.28392 1.52387
2 1.67933 -1.28455 1.5262
2 1.686 -1.28519 1.52857
2 1.69267 -1.28584 1.531
2 1.69933 -1.28649 1.53346
2 1.706 -1.28714 1.53597
2 1.71267 -1.28779 1.53853
2 1.71933 -1.28844 1.54113
2 1.726 -1.28909 1.54377
2 1.73267 -1.28973 1.54645
2 1.73933 -1.29036 1.54917
2 1.746 -1.29097 1.55192
2 1.75267 -1.29158 1.5547
2 1.75933 -1.29217 1.55751
2 1.766 -1.29276 1.56034
2 1.77267 -1.29332 1.5625
2 1.77933 -1.29386 1.56593
2 1.786 -1.29437 1.56895
2 1.79267 -1.29485 1.57187
2 1.79933 -1.29531 1.5746
2 1.806 -1.29574 1.5777
2 1.81267 -1.29613 1.58061
2 1.81933 -1.29649 1.5835
2 1.826 -1.29681 1.58636
2 1.83267 -1.2971 1.5892
2 1.83933 -1.29735 1.59203
2 1.846 -1.29757 1.59483
2 1.85267 -1.29775 1.59742
2 1.85933 -1.29789 1.60016
2 1.866 -1.29799 1.60289
2 1.87267 -1.29805 1.60558
2 1.87933 -1.29808 1.60823
2 1.886 -1.29807 1.61084
2 1.89267 -1.29801 1.6134
2 1.89933 -1.29792 1.61592
2 1.906 -1.2978 1.6184
2 1.91267 -1.29764 1.62084
2 1.91933 -1.29744 1.62324
2 1.926 -1.29722 1.625
2 1.93267 -1.29697 1.6277
2 1.93933 -1.29668 1.63013
2 1.946 -1.29637 1.63257
2 1.95267 -1.29604 1.63474
2 1.95933 -1.29568 1.63668
2 1.966 -1.2953 1.63875
2 1.97267 -1.2949 1.6408
2 1.97933 -1.29448 1.64299
2 1.986 -1.29405 1.64478
2 1.99267 -1.29361 1.64672
2 1.99933 -1.29315 1.64863
2 2.006 -1.29204 1.6512
2 2.01267 -1.29153 1.65374
2 2.01933 -1.29132 1.65609
2 2.026 -1.29125 1.65812
2 2.03267 -1.29128 1.66046
2 2.03933 -1.29141 1.66305
2 2.046 -1.29162 1.66576
2 2.05267 -1.29191 1.66858
2 2.05933 -1.29228