0 
0.000509381 
0.00188204 
0.00325469 
0.00462735 
0.006 
0.008 
0.01 
0.012 
0.015 
0.018 
0.021 
0.024 
0.027 
0.03 
0.033 
0.036 
0.039 
0.042 
0.045 
0.048 
0.051 
0.054 
0.057 
0.06 
0.063 
0.066 
0.069 
0.072 
0.075 
0.078 
0.081 
0.084 
0.087 
0.09 
0.093 
0.096 
0.1 
0.102 
0.105 
0.108 
0.111 
0.114 
0.117 
0.12 
0.123 
0.126 
0.129 
0.132 
0.135 
0.138 
0.141 
0.144 
0.147 
0.15 
0.153 
0.156 
0.159 
0.162 
0.165 
0.168 
0.171 
0.174 
0.177 
0.18 
0.183 
0.186 
0.189 
0.192 
0.195 
0.198 
0.2 
0.204 
0.207 
0.21 
0.213 
0.216 
0.219 
0.222 
0.225 
0.228 
0.231 
0.234 
0.237 
0.24 
0.243 
0.246 
0.249 
0.252 
0.255 
0.258 
0.261 
0.264 
0.267 
0.27 
0.273 
0.276 
0.279 
0.282 
0.285 
0.288 
0.291 
0.294 
0.297 
0.3 
0.303 
0.306 
0.309 
0.312 
0.315 
0.318 
0.321 
0.324 
0.327 
0.33 
0.333 
0.336 
0.339 
0.342 
0.345 
0.348 
0.351 
0.354 
0.357 
0.36 
0.363 
0.366 
0.369 
0.372 
0.375 
0.378 
0.381 
0.384 
0.387 
0.39 
0.393 
0.396 
0.4 
0.402 
0.405 
0.408 
0.411 
0.414 
0.417 
0.42 
0.423 
0.426 
0.429 
0.432 
0.435 
0.438 
0.441 
0.444 
0.447 
0.45 
0.453 
0.456 
0.459 
0.462 
0.465 
0.468 
0.471 
0.474 
0.477 
0.48 
0.483 
0.486 
0.489 
0.492 
0.495 
0.498 
0.5 
0.504 
0.507 
0.51 
0.513 
0.516 
0.519 
0.522 
0.525 
0.528 
0.531 
0.534 
0.537 
0.54 
0.543 
0.546 
0.549 
0.552 
0.555 
0.558 
0.561 
0.564 
0.567 
0.57 
0.573 
0.576 
0.579 
0.582 
0.585 
0.588 
0.591 
0.594 
0.597 
0.6 
0.603 
0.606 
0.609 
0.612 
0.615 
0.618 
0.621 
0.624 
0.627 
0.63 
0.633 
0.636 
0.639 
0.642 
0.645 
0.648 
0.651 
0.654 
0.657 
0.66 
0.663 
0.666 
0.669 
0.672 
0.675 
0.678 
0.681 
0.684 
0.687 
0.69 
0.693 
0.696 
0.7 
0.702 
0.705 
0.708 
0.711 
0.714 
0.717 
0.72 
0.723 
0.726 
0.729 
0.732 
0.735 
0.738 
0.741 
0.744 
0.747 
0.75 
0.753 
0.756 
0.759 
0.762 
0.765 
0.768 
0.771 
0.774 
0.777 
0.78 
0.783 
0.786 
0.789 
0.792 
0.795 
0.798 
0.8 
0.804 
0.807 
0.81 
0.813 
0.816 
0.819 
0.822 
0.825 
0.828 
0.831 
0.834 
0.837 
0.84 
0.843 
0.846 
0.849 
0.852 
0.855 
0.858 
0.861 
0.864 
0.867 
0.87 
0.873 
0.876 
0.879 
0.882 
0.885 
0.888 
0.891 
0.894 
0.897 
0.9 
0.903 
0.906 
0.909 
0.912 
0.915 
0.918 
0.921 
0.924 
0.927 
0.93 
0.933 
0.936 
0.939 
0.942 
0.945 
0.948 
0.951 
0.954 
0.957 
0.96 
0.963 
0.966 
0.969 
0.972 
0.975 
0.978 
0.981 
0.984 
0.987 
0.99 
0.993 
0.996 
1 
1.002 
1.005 
1.008 
1.011 
1.014 
1.017 
1.02 
1.023 
1.026 
1.029 
1.032 
1.035 
1.038 
1.041 
1.044 
1.047 
1.05 
1.053 
1.056 
1.059 
1.062 
1.065 
1.068 
1.071 
1.074 
1.077 
1.08 
1.083 
1.086 
1.089 
1.092 
1.095 
1.098 
1.1 
1.104 
1.107 
1.11 
1.113 
1.116 
1.119 
1.122 
1.125 
1.128 
1.131 
1.134 
1.137 
1.14 
1.143 
1.146 
1.149 
1.152 
1.155 
1.158 
1.161 
1.164 
1.167 
1.17 
1.173 
1.176 
1.179 
1.182 
1.185 
1.188 
1.191 
1.194 
1.197 
1.2 
1.203 
1.206 
1.209 
1.212 
1.215 
1.218 
1.221 
1.224 
1.227 
1.23 
1.233 
1.236 
1.239 
1.242 
1.245 
1.248 
1.251 
1.254 
1.257 
1.26 
1.263 
1.266 
1.269 
1.272 
1.275 
1.278 
1.281 
1.284 
1.287 
1.29 
1.293 
1.296 
1.3 
1.302 
1.305 
1.308 
1.311 
1.314 
1.317 
1.32 
1.323 
1.326 
1.329 
1.332 
1.335 
1.338 
1.341 
1.344 
1.347 
1.35 
1.353 
1.356 
1.359 
1.362 
1.365 
1.368 
1.371 
1.374 
1.377 
1.38 
1.383 
1.386 
1.389 
1.392 
1.395 
1.398 
1.4 
1.404 
1.407 
1.41 
1.413 
1.416 
1.419 
1.422 
1.425 
1.428 
1.431 
1.434 
1.437 
1.44 
1.443 
1.446 
1.449 
1.452 
1.455 
1.458 
1.461 
1.464 
1.467 
1.47 
1.473 
1.476 
1.479 
1.482 
1.485 
1.488 
1.491 
1.494 
1.497 
1.5 
1.503 
1.506 
1.509 
1.512 
1.515 
1.518 
1.521 
1.524 
1.527 
1.53 
1.533 
1.536 
1.539 
1.542 
1.545 
1.548 
1.551 
1.554 
1.557 
1.56 
1.563 
1.566 
1.569 
1.572 
1.575 
1.578 
1.581 
1.584 
1.587 
1.59 
1.593 
1.596 
1.6 
1.602 
1.605 
1.608 
1.611 
1.614 
1.617 
1.62 
1.623 
1.626 
1.629 
1.632 
1.635 
1.638 
1.641 
1.644 
1.647 
1.65 
1.653 
1.656 
1.659 
1.662 
1.665 
1.668 
1.671 
1.674 
1.677 
1.68 
1.683 
1.686 
1.689 
1.692 
1.695 
1.698 
1.7 
1.704 
1.707 
1.71 
1.713 
1.716 
1.719 
1.722 
1.725 
1.728 
1.731 
1.734 
1.737 
1.74 
1.743 
1.746 
1.749 
1.752 
1.755 
1.758 
1.761 
1.764 
1.767 
1.77 
1.773 
1.776 
1.779 
1.782 
1.785 
1.788 
1.791 
1.794 
1.797 
1.8 
1.803 
1.806 
1.809 
1.812 
1.815 
1.818 
1.821 
1.824 
1.827 
1.83 
1.833 
1.836 
1.839 
1.842 
1.845 
1.848 
1.851 
1.854 
1.857 
1.86 
1.863 
1.866 
1.869 
1.872 
1.875 
1.878 
1.881 
1.884 
1.887 
1.89 
1.893 
1.896 
1.9 
1.902 
1.905 
1.908 
1.911 
1.914 
1.917 
1.92 
1.923 
1.926 
1.929 
1.932 
1.935 
1.938 
1.941 
1.944 
1.947 
1.95 
1.953 
1.956 
1.959 
1.962 
1.965 
1.968 
1.971 
1.974 
1.977 
1.98 
1.983 
1.986 
1.989 
1.992 
1.995 
1.998 
2 
2.004 
2.007 
2.01 
2.013 
2.016 
2.019 
2.022 
2.025 
2.028 
2.031 
2.034 
2.037 
2.04 
2.043 
2.046 
2.049 
2.052 
2.055 
2.058 
2.061 
2.064 
2.067 
2.07 
2.073 
2.076 
2.079 
2.082 
2.085 
2.088 
2.091 
2.094 
2.097 
2.1 
2.103 
2.106 
2.109 
2.112 
2.115 
2.118 
2.121 
2.124 
2.127 
2.13 
2.133 
2.136 
2.139 
2.142 
2.145 
2.148 
2.151 
2.154 
2.157 
2.16 
2.163 
2.166 
2.169 
2.172 
2.175 
2.178 
2.181 
2.184 
2.187 
2.19 
2.193 
2.196 
2.2 
2.202 
2.205 
2.208 
2.211 
2.214 
2.217 
2.22 
2.223 
2.226 
2.229 
2.232 
2.235 
2.238 
2.241 
2.244 
2.247 
2.25 
2.253 
2.256 
2.259 
2.262 
2.265 
2.268 
2.271 
2.274 
2.277 
2.28 
2.283 
2.286 
2.289 
2.292 
2.295 
2.298 
2.3 
2.304 
2.307 
2.31 
2.313 
2.316 
2.319 
2.322 
2.325 
2.328 
2.331 
2.334 
2.337 
2.34 
2.343 
2.346 
2.349 
2.352 
2.355 
2.358 
2.361 
2.364 
2.367 
2.37 
2.373 
2.376 
2.379 
2.382 
2.385 
2.388 
2.391 
2.394 
2.397 
2.4 
2.403 
2.406 
2.409 
2.412 
2.415 
2.418 
2.421 
2.424 
2.427 
2.43 
2.433 
2.436 
2.439 
2.442 
2.445 
2.448 
2.451 
2.454 
2.457 
2.46 
2.463 
2.466 
2.469 
2.472 
2.475 
2.478 
2.481 
2.484 
2.487 
2.49 
2.493 
2.496 
2.5 
2.502 
2.505 
2.508 
2.511 
2.514 
2.517 
2.52 
2.523 
2.526 
2.529 
2.532 
2.535 
2.538 
2.541 
2.544 
2.547 
2.55 
2.553 
2.556 
2.559 
2.562 
2.565 
2.568 
2.571 
2.574 
2.577 
2.58 
2.583 
2.586 
2.589 
2.592 
2.595 
2.598 
2.6 
2.604 
2.607 
2.61 
2.613 
2.616 
2.619 
2.622 
2.625 
2.628 
2.631 
2.634 
2.637 
2.64 
2.643 
2.646 
2.649 
2.652 
2.655 
2.658 
2.661 
2.664 
2.667 
2.67 
2.673 
2.676 
2.679 
2.682 
2.685 
2.688 
2.691 
2.694 
2.697 
2.7 
2.703 
2.706 
2.709 
2.712 
2.715 
2.718 
2.721 
2.724 
2.727 
2.73 
2.733 
2.736 
2.739 
2.742 
2.745 
2.748 
2.751 
2.754 
2.757 
2.76 
2.763 
2.766 
2.769 
2.772 
2.775 
2.778 
2.781 
2.784 
2.787 
2.79 
2.793 
2.796 
2.8 
2.802 
2.805 
2.808 
2.811 
2.814 
2.817 
2.82 
2.823 
2.826 
2.829 
2.832 
2.835 
2.838 
2.841 
2.844 
2.847 
2.85 
2.853 
2.856 
2.859 
2.862 
2.865 
2.868 
2.871 
2.874 
2.877 
2.88 
2.883 
2.886 
2.889 
2.892 
2.895 
2.898 
2.9 
2.904 
2.907 
2.91 
2.913 
2.916 
2.919 
2.922 
2.925 
2.928 
2.931 
2.934 
2.937 
2.94 
2.943 
2.946 
2.949 
2.952 
2.955 
2.958 
2.961 
2.964 
2.967 
2.97 
2.973 
2.976 
2.979 
2.982 
2.985 
2.988 
2.991 
2.994 
2.997 
3 
i = 1004 t = 3

# Quadtree, 1004 steps, 46.7242 CPU, 23.94 real, 4.29e+04 points.step/s, 28 var
