0 0 0 0 0
0.1 0.0062024 0.0930792 0.017231 0.132113
0.2 0.00386216 0.0647071 0.00940783 0.0673447
0.3 0.00446686 0.0726673 0.0130116 0.10028
0.4 0.00571957 0.0793122 0.0170665 0.131267
0.5 0.00361853 0.058346 0.00928855 0.0661685
0.6 0.00435906 0.0623861 0.0130039 0.0995022
0.7 0.00563379 0.0652278 0.0172363 0.132167
0.8 0.00347144 0.049069 0.00909734 0.0644604
0.9 0.00431378 0.0528068 0.0129632 0.0991447
1 0.00538573 0.0568134 0.016897 0.134042
1.1 0.00365166 0.0618379 0.00933016 0.0632155
1.2 0.0045966 0.0660161 0.0133118 0.0979441
1.3 0.00571581 0.0735535 0.0173931 0.132677
1.4 0.00378706 0.0721069 0.00918986 0.0635098
1.5 0.00454198 0.074462 0.0133242 0.0996215
1.6 0.00548885 0.0761273 0.0174298 0.133425
1.7 0.00345635 0.0447194 0.00944564 0.0665801
1.8 0.00427881 0.0509802 0.0134914 0.100285
1.9 0.00529588 0.0569363 0.0174691 0.132559
2 0.00328628 0.0458516 0.00954293 0.0679186
2.1 0.00453662 0.0682466 0.0138465 0.0991813
2.2 0.00573166 0.0788846 0.0177579 0.129731
2.3 0.00346384 0.0507059 0.00978507 0.0675644
2.4 0.00444991 0.0599559 0.0135969 0.0983077
2.5 0.00556278 0.0694033 0.0174079 0.128427
2.6 0.00343096 0.0467142 0.00965877 0.0678882
2.7 0.00437035 0.0577935 0.013369 0.0979011
2.8 0.00533376 0.0687942 0.0168646 0.126638
2.9 0.00323873 0.0495071 0.00951102 0.0688602
3 0.00398282 0.0621767 0.0125653 0.0975706
