2 0 -1 1
4 0.018 -1.00038 1
4 0.048 -1.00187 1
4 0.078 -1.00326 1
4 0.108 -1.00449 1
4 0.138 -1.00567 1
4 0.168 -1.00683 1
2 0.198 -1.00801 1
2 0.228 -1.00916 1.00931
2 0.258 -1.01036 1.01057
2 0.288 -1.01158 1.01184
2 0.318 -1.01279 1.01311
2 0.348 -1.014 1.01437
2 0.378 -1.0152 1.01563
2 0.408 -1.01637 1.01685
2 0.438 -1.01755 1.01808
2 0.468 -1.01874 1.01932
2 0.498 -1.01993 1.02056
2 0.528 -1.02113 1.02181
2 0.558 -1.02233 1.02306
2 0.588 -1.02353 1.02431
2 0.618 -1.02475 1.02557
2 0.648 -1.02597 1.02684
2 0.678 -1.0272 1.02811
2 0.708 -1.02843 1.0294
2 0.738 -1.02966 1.03068
2 0.768 -1.03092 1.03199
2 0.798 -1.03219 1.0333
2 0.828 -1.03345 1.0346
2 0.858 -1.03471 1.0359
2 0.888 -1.03597 1.0372
2 0.918 -1.03723 1.03851
2 0.948 -1.0385 1.03983
2 0.978 -1.03979 1.04117
2 1.008 -1.04081 1.04222
2 1.038 -1.04125 1.04264
2 1.068 -1.04224 1.04366
2 1.098 -1.04343 1.04488
2 1.128 -1.04468 1.04617
2 1.158 -1.04593 1.04746
2 1.188 -1.04719 1.04877
2 1.218 -1.04845 1.05009
2 1.248 -1.04972 1.0514
2 1.278 -1.05097 1.05271
2 1.308 -1.05222 1.05402
2 1.338 -1.05343 1.05531
2 1.368 -1.05467 1.05661
2 1.398 -1.05591 1.05796
2 1.428 -1.05717 1.05934
2 1.458 -1.05847 1.06074
2 1.488 -1.05981 1.06213
2 1.518 -1.06114 1.06349
2 1.548 -1.06243 1.06481
2 1.578 -1.0637 1.06638
2 1.608 -1.06492 1.06926
2 1.638 -1.06636 1.0711
2 1.668 -1.06912 1.07258
2 1.698 -1.07088 1.07393
2 1.728 -1.07228 1.07521
2 1.758 -1.07356 1.07646
2 1.788 -1.0748 1.07768
2 1.818 -1.076 1.07889
2 1.848 -1.07719 1.08009
2 1.878 -1.07836 1.08127
2 1.908 -1.0795 1.08242
2 1.938 -1.08064 1.0837
2 1.968 -1.08177 1.08495
2 1.998 -1.08299 1.08616
2 2.028 -1.08466 1.08777
2 2.058 -1.08611 1.08918
2 2.088 -1.08738 1.09044
2 2.118 -1.08859 1.09165
2 2.148 -1.08978 1.09284
2 2.178 -1.09096 1.09403
2 2.208 -1.09211 1.09519
2 2.238 -1.09327 1.09637
2 2.268 -1.09444 1.09755
2 2.298 -1.09561 1.09875
2 2.328 -1.09676 1.09997
2 2.358 -1.09792 1.10122
2 2.388 -1.09912 1.10249
2 2.418 -1.10035 1.10377
2 2.448 -1.10158 1.10504
2 2.478 -1.10281 1.10631
2 2.508 -1.10401 1.10755
2 2.538 -1.10522 1.10881
2 2.568 -1.10644 1.11007
2 2.598 -1.10765 1.11132
2 2.628 -1.10882 1.11261
2 2.658 -1.11001 1.11395
2 2.688 -1.11121 1.11526
2 2.718 -1.11247 1.11656
2 2.748 -1.11374 1.11784
2 2.778 -1.11499 1.1191
2 2.808 -1.11618 1.1203
2 2.838 -1.11736 1.12151
2 2.868 -1.11853 1.1227
2 2.898 -1.11968 1.12386
2 2.928 -1.12076 1.12497
3 2.958 -1.12185 1.125
3 2.988 -1.12291 1.125
