0 
2.25117e-05 
8.37233e-05 
0.000161804 
0.000255501 
0.000362584 
0.000483051 
0.000613421 
0.000755641 
0.000907188 
0.00106671 
0.00123526 
0.00141056 
0.00158951 
0.00177641 
0.00196765 
0.00216356 
0.0023645 
0.00257086 
0.00277723 
0.00298966 
0.0032021 
0.00342138 
0.00364067 
0.00385996 
0.00407924 
0.00430697 
0.00453469 
0.00476241 
0.00499013 
0.00521785 
0.00544557 
0.00567329 
0.00590102 
0.00612874 
0.00635646 
0.00658418 
0.0068119 
0.00703962 
0.00726734 
0.00749507 
0.00772279 
0.00795051 
0.00817823 
0.00840595 
0.00863367 
0.00886139 
0.00908911 
0.00931684 
0.00954456 
0.00977228 
0.01 
0.0102439 
0.0104878 
0.0107317 
0.0109756 
0.0112195 
0.0114634 
0.0117073 
0.0119512 
0.0121951 
0.012439 
0.0126829 
0.0129268 
0.0131707 
0.0134146 
0.0136585 
0.0139024 
0.0141463 
0.0143902 
0.0146341 
0.014878 
0.015122 
0.0153659 
0.0156098 
0.0158537 
0.0160976 
0.0163415 
0.0165854 
0.0168293 
0.0170732 
0.0173171 
0.017561 
0.0178049 
0.0180488 
0.0182927 
0.0185366 
0.0187805 
0.0190244 
0.0192683 
0.0195122 
0.0197561 
0.02 
0.0202439 
0.0204878 
0.0207317 
0.0209756 
0.0212195 
0.0214634 
0.0217073 
0.0219512 
0.0221951 
0.022439 
0.0226829 
0.0229268 
0.0231707 
0.0234146 
0.0236585 
0.0239024 
0.0241463 
0.0243902 
0.0246341 
0.024878 
0.025122 
0.0253659 
0.0256098 
0.0258537 
0.0260976 
0.0263415 
0.0265854 
0.0268293 
0.0270732 
0.0273171 
0.027561 
0.0278049 
0.0280488 
0.0282927 
0.0285366 
0.0287805 
0.0290244 
0.0292683 
0.0295122 
0.0297561 
0.03 
0.0302439 
0.0304878 
0.0307317 
0.0309756 
0.0312195 
0.0314634 
0.0317073 
0.0319512 
0.0321951 
0.032439 
0.0326829 
0.0329268 
0.0331707 
0.0334146 
0.0336585 
0.0339024 
0.0341463 
0.0343902 
0.0346341 
0.034878 
0.035122 
0.0353659 
0.0356098 
0.0358537 
0.0360976 
0.0363415 
0.0365854 
0.0368293 
0.0370732 
0.0373171 
0.037561 
0.0378049 
0.0380488 
0.0382927 
0.0385366 
0.0387805 
0.0390244 
0.0392683 
0.0395122 
0.0397561 
0.04 
0.0402439 
0.0404878 
0.0407317 
0.0409756 
0.0412195 
0.0414634 
0.0417073 
0.0419512 
0.0421951 
0.042439 
0.0426829 
0.0429268 
0.0431707 
0.0434146 
0.0436585 
0.0439024 
0.0441463 
0.0443902 
0.0446341 
0.044878 
0.045122 
0.0453659 
0.0456098 
0.0458537 
0.0460976 
0.0463415 
0.0465854 
0.0468293 
0.0470732 
0.0473171 
0.047561 
0.0478049 
0.0480488 
0.0482927 
0.0485366 
0.0487805 
0.0490244 
0.0492683 
0.0495122 
0.0497561 
0.05 
0.0502439 
0.0504878 
0.0507317 
0.0509756 
0.0512195 
0.0514634 
0.0517073 
0.0519512 
0.0521951 
0.052439 
0.0526829 
0.0529268 
0.0531707 
0.0534146 
0.0536585 
0.0539024 
0.0541463 
0.0543902 
0.0546341 
0.054878 
0.055122 
0.0553659 
0.0556098 
0.0558537 
0.0560976 
0.0563415 
0.0565854 
0.0568293 
0.0570732 
0.0573171 
0.057561 
0.0578049 
0.0580488 
0.0582927 
0.0585366 
0.0587805 
0.0590244 
0.0592683 
0.0595122 
0.0597561 
0.06 
0.0602439 
0.0604878 
0.0607317 
0.0609756 
0.0612195 
0.0614634 
0.0617073 
0.0619512 
0.0621951 
0.062439 
0.0626829 
0.0629268 
0.0631707 
0.0634146 
0.0636585 
0.0639024 
0.0641463 
0.0643902 
0.0646341 
0.064878 
0.065122 
0.0653659 
0.0656098 
0.0658537 
0.0660976 
0.0663415 
0.0665854 
0.0668293 
0.0670732 
0.0673171 
0.067561 
0.0678049 
0.0680488 
0.0682927 
0.0685366 
0.0687805 
0.0690244 
0.0692683 
0.0695122 
0.0697561 
0.07 
0.0702439 
0.0704878 
0.0707317 
0.0709756 
0.0712195 
0.0714634 
0.0717073 
0.0719512 
0.0721951 
0.072439 
0.0726829 
0.0729268 
0.0731707 
0.0734146 
0.0736585 
0.0739024 
0.0741463 
0.0743902 
0.0746341 
0.074878 
0.075122 
0.0753659 
0.0756098 
0.0758537 
0.0760976 
0.0763415 
0.0765854 
0.0768293 
0.0770732 
0.0773171 
0.077561 
0.0778049 
0.0780488 
0.0782927 
0.0785366 
0.0787805 
0.0790244 
0.0792683 
0.0795122 
0.0797561 
0.08 
0.0802439 
0.0804878 
0.0807317 
0.0809756 
0.0812195 
0.0814634 
0.0817073 
0.0819512 
0.0821951 
0.082439 
0.0826829 
0.0829268 
0.0831707 
0.0834146 
0.0836585 
0.0839024 
0.0841463 
0.0843902 
0.0846341 
0.084878 
0.085122 
0.0853659 
0.0856098 
0.0858537 
0.0860976 
0.0863415 
0.0865854 
0.0868293 
0.0870732 
0.0873171 
0.087561 
0.0878049 
0.0880488 
0.0882927 
0.0885366 
0.0887805 
0.0890244 
0.0892683 
0.0895122 
0.0897561 
0.09 
0.0902439 
0.0904878 
0.0907317 
0.0909756 
0.0912195 
0.0914634 
0.0917073 
0.0919512 
0.0921951 
0.092439 
0.0926829 
0.0929268 
0.0931707 
0.0934146 
0.0936585 
0.0939024 
0.0941463 
0.0943902 
0.0946341 
0.094878 
0.095122 
0.0953659 
0.0956098 
0.0958537 
0.0960976 
0.0963415 
0.0965854 
0.0968293 
0.0970732 
0.0973171 
0.097561 
0.0978049 
0.0980488 
0.0982927 
0.0985366 
0.0987805 
0.0990244 
0.0992683 
0.0995122 
0.0997561 
0.1 
0.100244 
0.100488 
0.100732 
0.100976 
0.10122 
0.101463 
0.101707 
0.101951 
0.102195 
0.102439 
0.102683 
0.102927 
0.103171 
0.103415 
0.103659 
0.103902 
0.104146 
0.10439 
0.104634 
0.104878 
0.105122 
0.105366 
0.10561 
0.105854 
0.106098 
0.106341 
0.106585 
0.106829 
0.107073 
0.107317 
0.107561 
0.107805 
0.108049 
0.108293 
0.108537 
0.10878 
0.109024 
0.109268 
0.109512 
0.109756 
0.11 
0.110244 
0.110488 
0.110732 
0.110976 
0.11122 
0.111463 
0.111707 
0.111951 
0.112195 
0.112439 
0.112683 
0.112927 
0.113171 
0.113415 
0.113659 
0.113902 
0.114146 
0.11439 
0.114634 
0.114878 
0.115122 
0.115366 
0.11561 
0.115854 
0.116098 
0.116341 
0.116585 
0.116829 
0.117073 
0.117317 
0.117561 
0.117805 
0.118049 
0.118293 
0.118537 
0.11878 
0.119024 
0.119268 
0.119512 
0.119756 
0.12 
0.120244 
0.120488 
0.120732 
0.120976 
0.12122 
0.121463 
0.121707 
0.121951 
0.122195 
0.122439 
0.122683 
0.122927 
0.123171 
0.123415 
0.123659 
0.123902 
0.124146 
0.12439 
0.124634 
0.124878 
0.125122 
0.125366 
0.12561 
0.125854 
0.126098 
0.126341 
0.126585 
0.126829 
0.127073 
0.127317 
0.127561 
0.127805 
0.128049 
0.128293 
0.128537 
0.12878 
0.129024 
0.129268 
0.129512 
0.129756 
0.13 
0.130244 
0.130488 
0.130732 
0.130976 
0.13122 
0.131463 
0.131707 
0.131951 
0.132195 
0.132439 
0.132683 
0.132927 
0.133171 
0.133415 
0.133659 
0.133902 
0.134146 
0.13439 
0.134634 
0.134878 
0.135122 
0.135366 
0.13561 
0.135854 
0.136098 
0.136341 
0.136585 
0.136829 
0.137073 
0.137317 
0.137561 
0.137805 
0.138049 
0.138293 
0.138537 
0.13878 
0.139024 
0.139268 
0.139512 
0.139756 
0.14 
0.140244 
0.140488 
0.140732 
0.140976 
0.14122 
0.141463 
0.141707 
0.141951 
0.142195 
0.142439 
0.142683 
0.142927 
0.143171 
0.143415 
0.143659 
0.143902 
0.144146 
0.14439 
0.144634 
0.144878 
0.145122 
0.145366 
0.14561 
0.145854 
0.146098 
0.146341 
0.146585 
0.146829 
0.147073 
0.147317 
0.147561 
0.147805 
0.148049 
0.148293 
0.148537 
0.14878 
0.149024 
0.149268 
0.149512 
0.149756 
0.15 
0.150244 
0.150488 
0.150732 
0.150976 
0.15122 
0.151463 
0.151707 
0.151951 
0.152195 
0.152439 
0.152683 
0.152927 
0.153171 
0.153415 
0.153659 
0.153902 
0.154146 
0.15439 
0.154634 
0.154878 
0.155122 
0.155366 
0.15561 
0.155854 
0.156098 
0.156341 
0.156585 
0.156829 
0.157073 
0.157317 
0.157561 
0.157805 
0.158049 
0.158293 
0.158537 
0.15878 
0.159024 
0.159268 
0.159512 
0.159756 
0.16 
0.160244 
0.160488 
0.160732 
0.160976 
0.16122 
0.161463 
0.161707 
0.161951 
0.162195 
0.162439 
0.162683 
0.162927 
0.163171 
0.163415 
0.163659 
0.163902 
0.164146 
0.16439 
0.164634 
0.164878 
0.165122 
0.165366 
0.16561 
0.165854 
0.166098 
0.166341 
0.166585 
0.166829 
0.167073 
0.167317 
0.167561 
0.167805 
0.168049 
0.168293 
0.168537 
0.16878 
0.169024 
0.169268 
0.169512 
0.169756 
0.17 
0.170244 
0.170488 
0.170732 
0.170976 
0.17122 
0.171463 
0.171707 
0.171951 
0.172195 
0.172439 
0.172683 
0.172927 
0.173171 
0.173415 
0.173659 
0.173902 
0.174146 
0.17439 
0.174634 
0.174878 
0.175122 
0.175366 
0.17561 
0.175854 
0.176098 
0.176341 
0.176585 
0.176829 
0.177073 
0.177317 
0.177561 
0.177805 
0.178049 
0.178293 
0.178537 
0.17878 
0.179024 
0.179268 
0.179512 
0.179756 
0.18 
0.180244 
0.180488 
0.180732 
0.180976 
0.18122 
0.181463 
0.181707 
0.181951 
0.182195 
0.182439 
0.182683 
0.182927 
0.183171 
0.183415 
0.183659 
0.183902 
0.184146 
0.18439 
0.184634 
0.184878 
0.185122 
0.185366 
0.18561 
0.185854 
0.186098 
0.186341 
0.186585 
0.186829 
0.187073 
0.187317 
0.187561 
0.187805 
0.188049 
0.188293 
0.188537 
0.18878 
0.189024 
0.189268 
0.189512 
0.189756 
0.19 
0.190244 
0.190488 
0.190732 
0.190976 
0.19122 
0.191463 
0.191707 
0.191951 
0.192195 
0.192439 
0.192683 
0.192927 
0.193171 
0.193415 
0.193659 
0.193902 
0.194146 
0.19439 
0.194634 
0.194878 
0.195122 
0.195366 
0.19561 
0.195854 
0.196098 
0.196341 
0.196585 
0.196829 
0.197073 
0.197317 
0.197561 
0.197805 
0.198049 
0.198293 
0.198537 
0.19878 
0.199024 
0.199268 
0.199512 
0.199756 
0.2 
0.200244 
0.200488 
0.200732 
0.200976 
0.20122 
0.201463 
0.201707 
0.201951 
0.202195 
0.202439 
0.202683 
0.202927 
0.203171 
0.203415 
0.203659 
0.203902 
0.204146 
0.20439 
0.204634 
0.204878 
0.205122 
0.205366 
0.20561 
0.205854 
0.206098 
0.206341 
0.206585 
0.206829 
0.207073 
0.207317 
0.207561 
0.207805 
0.208049 
0.208293 
0.208537 
0.20878 
0.209024 
0.209268 
0.209512 
0.209756 
0.21 
0.210244 
0.210488 
0.210732 
0.210976 
0.21122 
0.211463 
0.211707 
0.211951 
0.212195 
0.212439 
0.212683 
0.212927 
0.213171 
0.213415 
0.213659 
0.213902 
0.214146 
0.21439 
0.214634 
0.214878 
0.215122 
0.215366 
0.21561 
0.215854 
0.216098 
0.216341 
0.216585 
0.216829 
0.217073 
0.217317 
0.217561 
0.217805 
0.218049 
0.218293 
0.218537 
0.21878 
0.219024 
0.219268 
0.219512 
0.219756 
0.22 
0.220244 
0.220488 
0.220732 
0.220976 
0.22122 
0.221463 
0.221707 
0.221951 
0.222195 
0.222439 
0.222683 
0.222927 
0.223171 
0.223415 
0.223659 
0.223902 
0.224146 
0.22439 
0.224634 
0.224878 
0.225122 
0.225366 
0.22561 
0.225854 
0.226098 
0.226341 
0.226585 
0.226829 
0.227073 
0.227317 
0.227561 
0.227805 
0.228049 
0.228293 
0.228537 
0.22878 
0.229024 
0.229268 
0.229512 
0.229756 
0.23 
0.230244 
0.230488 
0.230732 
0.230976 
0.23122 
0.231463 
0.231707 
0.231951 
0.232195 
0.232439 
0.232683 
0.232927 
0.233171 
0.233415 
0.233659 
0.233902 
0.234146 
0.23439 
0.234634 
0.234878 
0.235122 
0.235366 
0.23561 
0.235854 
0.236098 
0.236341 
0.236585 
0.236829 
0.237073 
0.237317 
0.237561 
0.237805 
0.238049 
0.238293 
0.238537 
0.23878 
0.239024 
0.239268 
0.239512 
0.239756 
0.24 
0.240244 
0.240488 
0.240732 
0.240976 
0.24122 
0.241463 
0.241707 
0.241951 
0.242195 
0.242439 
0.242683 
0.242927 
0.243171 
0.243415 
0.243659 
0.243902 
0.244146 
0.24439 
0.244634 
0.244878 
0.245122 
0.245366 
0.24561 
0.245854 
0.246098 
0.246341 
0.246585 
0.246829 
0.247073 
0.247317 
0.247561 
0.247805 
0.248049 
0.248293 
0.248537 
0.24878 
0.249024 
0.249268 
0.249512 
0.249756 
0.25 
0.250244 
0.250488 
0.250732 
0.250976 
0.25122 
0.251463 
0.251707 
0.251951 
0.252195 
0.252439 
0.252683 
0.252927 
0.253171 
0.253415 
0.253659 
0.253902 
0.254146 
0.25439 
0.254634 
0.254878 
0.255122 
0.255366 
0.25561 
0.255854 
0.256098 
0.256341 
0.256585 
0.256829 
0.257073 
0.257317 
0.257561 
0.257805 
0.258049 
0.258293 
0.258537 
0.25878 
0.259024 
0.259268 
0.259512 
0.259756 
0.26 
0.260244 
0.260488 
0.260732 
0.260976 
0.26122 
0.261463 
0.261707 
0.261951 
0.262195 
0.262439 
0.262683 
0.262927 
0.263171 
0.263415 
0.263659 
0.263902 
0.264146 
0.26439 
0.264634 
0.264878 
0.265122 
0.265366 
0.26561 
0.265854 
0.266098 
0.266341 
0.266585 
0.266829 
0.267073 
0.267317 
0.267561 
0.267805 
0.268049 
0.268293 
0.268537 
0.26878 
0.269024 
0.269268 
0.269512 
0.269756 
0.27 
0.270244 
0.270488 
0.270732 
0.270976 
0.27122 
0.271463 
0.271707 
0.271951 
0.272195 
0.272439 
0.272683 
0.272927 
0.273171 
0.273415 
0.273659 
0.273902 
0.274146 
0.27439 
0.274634 
0.274878 
0.275122 
0.275366 
0.27561 
0.275854 
0.276098 
0.276341 
0.276585 
0.276829 
0.277073 
0.277317 
0.277561 
0.277805 
0.278049 
0.278293 
0.278537 
0.27878 
0.279024 
0.279268 
0.279512 
0.279756 
0.28 
0.280244 
0.280488 
0.280732 
0.280976 
0.28122 
0.281463 
0.281707 
0.281951 
0.282195 
0.282439 
0.282683 
0.282927 
0.283171 
0.283415 
0.283659 
0.283902 
0.284146 
0.28439 
0.284634 
0.284878 
0.285122 
0.285366 
0.28561 
0.285854 
0.286098 
0.286341 
0.286585 
0.286829 
0.287073 
0.287317 
0.287561 
0.287805 
0.288049 
0.288293 
0.288537 
0.28878 
0.289024 
0.289268 
0.289512 
0.289756 
0.29 
0.290244 
0.290488 
0.290732 
0.290976 
0.29122 
0.291463 
0.291707 
0.291951 
0.292195 
0.292439 
0.292683 
0.292927 
0.293171 
0.293415 
0.293659 
0.293902 
0.294146 
0.29439 
0.294634 
0.294878 
0.295122 
0.295366 
0.29561 
0.295854 
0.296098 
0.296341 
0.296585 
0.296829 
0.297073 
0.297317 
0.297561 
0.297805 
0.298049 
0.298293 
0.298537 
0.29878 
0.299024 
0.299268 
0.299512 
0.299756 
0.3 
0.300244 
0.300488 
0.300732 
0.300976 
0.30122 
0.301463 
0.301707 
0.301951 
0.302195 
0.302439 
0.302683 
0.302927 
0.303171 
0.303415 
0.303659 
0.303902 
0.304146 
0.30439 
0.304634 
0.304878 
0.305122 
0.305366 
0.30561 
0.305854 
0.306098 
0.306341 
0.306585 
0.306829 
0.307073 
0.307317 
0.307561 
0.307805 
0.308049 
0.308293 
0.308537 
0.30878 
0.309024 
0.309268 
0.309512 
0.309756 
0.31 
0.310244 
0.310488 
0.310732 
0.310976 
0.31122 
0.311463 
0.311707 
0.311951 
0.312195 
0.312439 
0.312683 
0.312927 
0.313171 
0.313415 
0.313659 
0.313902 
0.314146 
0.31439 
0.314634 
0.314878 
0.315122 
0.315366 
0.31561 
0.315854 
0.316098 
0.316341 
0.316585 
0.316829 
0.317073 
0.317317 
0.317561 
0.317805 
0.318049 
0.318293 
0.318537 
0.31878 
0.319024 
0.319268 
0.319512 
0.319756 
0.32 
0.320244 
0.320488 
0.320732 
0.320976 
0.32122 
0.321463 
0.321707 
0.321951 
0.322195 
0.322439 
0.322683 
0.322927 
0.323171 
0.323415 
0.323659 
0.323902 
0.324146 
0.32439 
0.324634 
0.324878 
0.325122 
0.325366 
0.32561 
0.325854 
0.326098 
0.326341 
0.326585 
0.326829 
0.327073 
0.327317 
0.327561 
0.327805 
0.328049 
0.328293 
0.328537 
0.32878 
0.329024 
0.329268 
0.329512 
0.329756 
0.33 
0.330244 
0.330488 
0.330732 
0.330976 
0.33122 
0.331463 
0.331707 
0.331951 
0.332195 
0.332439 
0.332683 
0.332927 
0.333171 
0.333415 
0.333659 
0.333902 
0.334146 
0.33439 
0.334634 
0.334878 
0.335122 
0.335366 
0.33561 
0.335854 
0.336098 
0.336341 
0.336585 
0.336829 
0.337073 
0.337317 
0.337561 
0.337805 
0.338049 
0.338293 
0.338537 
0.33878 
0.339024 
0.339268 
0.339512 
0.339756 
0.34 
0.340244 
0.340488 
0.340732 
0.340976 
0.34122 
0.341463 
0.341707 
0.341951 
0.342195 
0.342439 
0.342683 
0.342927 
0.343171 
0.343415 
0.343659 
0.343902 
0.344146 
0.34439 
0.344634 
0.344878 
0.345122 
0.345366 
0.34561 
0.345854 
0.346098 
0.346341 
0.346585 
0.346829 
0.347073 
0.347317 
0.347561 
0.347805 
0.348049 
0.348293 
0.348537 
0.34878 
0.349024 
0.349268 
0.349512 
0.349756 
0.35 
0.350244 
0.350488 
0.350732 
0.350976 
0.35122 
0.351463 
0.351707 
0.351951 
0.352195 
0.352439 
0.352683 
0.352927 
0.353171 
0.353415 
0.353659 
0.353902 
0.354146 
0.35439 
0.354634 
0.354878 
0.355122 
0.355366 
0.35561 
0.355854 
0.356098 
0.356341 
0.356585 
0.356829 
0.357073 
0.357317 
0.357561 
0.357805 
0.358049 
0.358293 
0.358537 
0.35878 
0.359024 
0.359268 
0.359512 
0.359756 
0.36 
0.360244 
0.360488 
0.360732 
0.360976 
0.36122 
0.361463 
0.361707 
0.361951 
0.362195 
0.362439 
0.362683 
0.362927 
0.363171 
0.363415 
0.363659 
0.363902 
0.364146 
0.36439 
0.364634 
0.364878 
0.365122 
0.365366 
0.36561 
0.365854 
0.366098 
0.366341 
0.366585 
0.366829 
0.367073 
0.367317 
0.367561 
0.367805 
0.368049 
0.368293 
0.368537 
0.36878 
0.369024 
0.369268 
0.369512 
0.369756 
0.37 
0.370244 
0.370488 
0.370732 
0.370976 
0.37122 
0.371463 
0.371707 
0.371951 
0.372195 
0.372439 
0.372683 
0.372927 
0.373171 
0.373415 
0.373659 
0.373902 
0.374146 
0.37439 
0.374634 
0.374878 
0.375122 
0.375366 
0.37561 
0.375854 
0.376098 
0.376341 
0.376585 
0.376829 
0.377073 
0.377317 
0.377561 
0.377805 
0.378049 
0.378293 
0.378537 
0.37878 
0.379024 
0.379268 
0.379512 
0.379756 
0.38 
0.380244 
0.380488 
0.380732 
0.380976 
0.38122 
0.381463 
0.381707 
0.381951 
0.382195 
0.382439 
0.382683 
0.382927 
0.383171 
0.383415 
0.383659 
0.383902 
0.384146 
0.38439 
0.384634 
0.384878 
0.385122 
0.385366 
0.38561 
0.385854 
0.386098 
0.386341 
0.386585 
0.386829 
0.387073 
0.387317 
0.387561 
0.387805 
0.388049 
0.388293 
0.388537 
0.38878 
0.389024 
0.389268 
0.389512 
0.389756 
0.39 
0.390244 
0.390488 
0.390732 
0.390976 
0.39122 
0.391463 
0.391707 
0.391951 
0.392195 
0.392439 
0.392683 
0.392927 
0.393171 
0.393415 
0.393659 
0.393902 
0.394146 
0.39439 
0.394634 
0.394878 
0.395122 
0.395366 
0.39561 
0.395854 
0.396098 
0.396341 
0.396585 
0.396829 
0.397073 
0.397317 
0.397561 
0.397805 
0.398049 
0.398293 
0.398537 
0.39878 
0.399024 
0.399268 
0.399512 
0.399756 
0.4 
0.400244 
0.400488 
0.400732 
0.400976 
0.40122 
0.401463 
0.401707 
0.401951 
0.402195 
0.402439 
0.402683 
0.402927 
0.403171 
0.403415 
0.403659 
0.403902 
0.404146 
0.40439 
0.404634 
0.404878 
0.405122 
0.405366 
0.40561 
0.405854 
0.406098 
0.406341 
0.406585 
0.406829 
0.407073 
0.407317 
0.407561 
0.407805 
0.408049 
0.408293 
0.408537 
0.40878 
0.409024 
0.409268 
0.409512 
0.409756 
0.41 
0.410244 
0.410488 
0.410732 
0.410976 
0.41122 
0.411463 
0.411707 
0.411951 
0.412195 
0.412439 
0.412683 
0.412927 
0.413171 
0.413415 
0.413659 
0.413902 
0.414146 
0.41439 
0.414634 
0.414878 
0.415122 
0.415366 
0.41561 
0.415854 
0.416098 
0.416341 
0.416585 
0.416829 
0.417073 
0.417317 
0.417561 
0.417805 
0.418049 
0.418293 
0.418537 
0.41878 
0.419024 
0.419268 
0.419512 
0.419756 
0.42 
0.420244 
0.420488 
0.420732 
0.420976 
0.42122 
0.421463 
0.421707 
0.421951 
0.422195 
0.422439 
0.422683 
0.422927 
0.423171 
0.423415 
0.423659 
0.423902 
0.424146 
0.42439 
0.424634 
0.424878 
0.425122 
0.425366 
0.42561 
0.425854 
0.426098 
0.426341 
0.426585 
0.426829 
0.427073 
0.427317 
0.427561 
0.427805 
0.428049 
0.428293 
0.428537 
0.42878 
0.429024 
0.429268 
0.429512 
0.429756 
0.43 
0.430244 
0.430488 
0.430732 
0.430976 
0.43122 
0.431463 
0.431707 
0.431951 
0.432195 
0.432439 
0.432683 
0.432927 
0.433171 
0.433415 
0.433659 
0.433902 
0.434146 
0.43439 
0.434634 
0.434878 
0.435122 
0.435366 
0.43561 
0.435854 
0.436098 
0.436341 
0.436585 
0.436829 
0.437073 
0.437317 
0.437561 
0.437805 
0.438049 
0.438293 
0.438537 
0.43878 
0.439024 
0.439268 
0.439512 
0.439756 
0.44 
0.440244 
0.440488 
0.440732 
0.440976 
0.44122 
0.441463 
0.441707 
0.441951 
0.442195 
0.442439 
0.442683 
0.442927 
0.443171 
0.443415 
0.443659 
0.443902 
0.444146 
0.44439 
0.444634 
0.444878 
0.445122 
0.445366 
0.44561 
0.445854 
0.446098 
0.446341 
0.446585 
0.446829 
0.447073 
0.447317 
0.447561 
0.447805 
0.448049 
0.448293 
0.448537 
0.44878 
0.449024 
0.449268 
0.449512 
0.449756 
0.45 
0.450244 
0.450488 
0.450732 
0.450976 
0.45122 
0.451463 
0.451707 
0.451951 
0.452195 
0.452439 
0.452683 
0.452927 
0.453171 
0.453415 
0.453659 
0.453902 
0.454146 
0.45439 
0.454634 
0.454878 
0.455122 
0.455366 
0.45561 
0.455854 
0.456098 
0.456341 
0.456585 
0.456829 
0.457073 
0.457317 
0.457561 
0.457805 
0.458049 
0.458293 
0.458537 
0.45878 
0.459024 
0.459268 
0.459512 
0.459756 
0.46 
0.460244 
0.460488 
0.460732 
0.460976 
0.46122 
0.461463 
0.461707 
0.461951 
0.462195 
0.462439 
0.462683 
0.462927 
0.463171 
0.463415 
0.463659 
0.463902 
0.464146 
0.46439 
0.464634 
0.464878 
0.465122 
0.465366 
0.46561 
0.465854 
0.466098 
0.466341 
0.466585 
0.466829 
0.467073 
0.467317 
0.467561 
0.467805 
0.468049 
0.468293 
0.468537 
0.46878 
0.469024 
0.469268 
0.469512 
0.469756 
0.47 
0.470244 
0.470488 
0.470732 
0.470976 
0.47122 
0.471463 
0.471707 
0.471951 
0.472195 
0.472439 
0.472683 
0.472927 
0.473171 
0.473415 
0.473659 
0.473902 
0.474146 
0.47439 
0.474634 
0.474878 
0.475122 
0.475366 
0.47561 
0.475854 
0.476098 
0.476341 
0.476585 
0.476829 
0.477073 
0.477317 
0.477561 
0.477805 
0.478049 
0.478293 
0.478537 
0.47878 
0.479024 
0.479268 
0.479512 
0.479756 
0.48 
0.480244 
0.480488 
0.480732 
0.480976 
0.48122 
0.481463 
0.481707 
0.481951 
0.482195 
0.482439 
0.482683 
0.482927 
0.483171 
0.483415 
0.483659 
0.483902 
0.484146 
0.48439 
0.484634 
0.484878 
0.485122 
0.485366 
0.48561 
0.485854 
0.486098 
0.486341 
0.486585 
0.486829 
0.487073 
0.487317 
0.487561 
0.487805 
0.488049 
0.488293 
0.488537 
0.48878 
0.489024 
0.489268 
0.489512 
0.489756 
0.49 
0.490244 
0.490488 
0.490732 
0.490976 
0.49122 
0.491463 
0.491707 
0.491951 
0.492195 
0.492439 
0.492683 
0.492927 
0.493171 
0.493415 
0.493659 
0.493902 
0.494146 
0.49439 
0.494634 
0.494878 
0.495122 
0.495366 
0.49561 
0.495854 
0.496098 
0.496341 
0.496585 
0.496829 
0.497073 
0.497317 
0.497561 
0.497805 
0.498049 
0.498293 
0.498537 
0.49878 
0.499024 
0.499268 
0.499512 
0.499756 
0.5 
0.500244 
0.500488 
0.500732 
0.500976 
0.50122 
0.501463 
0.501707 
0.501951 
0.502195 
0.502439 
0.502683 
0.502927 
0.503171 
0.503415 
0.503659 
0.503902 
0.504146 
0.50439 
0.504634 
0.504878 
0.505122 
0.505366 
0.50561 
0.505854 
0.506098 
0.506341 
0.506585 
0.506829 
0.507073 
0.507317 
0.507561 
0.507805 
0.508049 
0.508293 
0.508537 
0.50878 
0.509024 
0.509268 
0.509512 
0.509756 
0.51 
0.510244 
0.510488 
0.510732 
0.510976 
0.51122 
0.511463 
0.511707 
0.511951 
0.512195 
0.512439 
0.512683 
0.512927 
0.513171 
0.513415 
0.513659 
0.513902 
0.514146 
0.51439 
0.514634 
0.514878 
0.515122 
0.515366 
0.51561 
0.515854 
0.516098 
0.516341 
0.516585 
0.516829 
0.517073 
0.517317 
0.517561 
0.517805 
0.518049 
0.518293 
0.518537 
0.51878 
0.519024 
0.519268 
0.519512 
0.519756 
0.52 
0.520244 
0.520488 
0.520732 
0.520976 
0.52122 
0.521463 
0.521707 
0.521951 
0.522195 
0.522439 
0.522683 
0.522927 
0.523171 
0.523415 
0.523659 
0.523902 
0.524146 
0.52439 
0.524634 
0.524878 
0.525122 
0.525366 
0.52561 
0.525854 
0.526098 
0.526341 
0.526585 
0.526829 
0.527073 
0.527317 
0.527561 
0.527805 
0.528049 
0.528293 
0.528537 
0.52878 
0.529024 
0.529268 
0.529512 
0.529756 
0.53 
0.530244 
0.530488 
0.530732 
0.530976 
0.53122 
0.531463 
0.531707 
0.531951 
0.532195 
0.532439 
0.532683 
0.532927 
0.533171 
0.533415 
0.533659 
0.533902 
0.534146 
0.53439 
0.534634 
0.534878 
0.535122 
0.535366 
0.53561 
0.535854 
0.536098 
0.536341 
0.536585 
0.536829 
0.537073 
0.537317 
0.537561 
0.537805 
0.538049 
0.538293 
0.538537 
0.53878 
0.539024 
0.539268 
0.539512 
0.539756 
0.54 
0.540244 
0.540488 
0.540732 
0.540976 
0.54122 
0.541463 
0.541707 
0.541951 
0.542195 
0.542439 
0.542683 
0.542927 
0.543171 
0.543415 
0.543659 
0.543902 
0.544146 
0.54439 
0.544634 
0.544878 
0.545122 
0.545366 
0.54561 
0.545854 
0.546098 
0.546341 
0.546585 
0.546829 
0.547073 
0.547317 
0.547561 
0.547805 
0.548049 
0.548293 
0.548537 
0.54878 
0.549024 
0.549268 
0.549512 
0.549756 
0.55 
0.550244 
0.550488 
0.550732 
0.550976 
0.55122 
0.551463 
0.551707 
0.551951 
0.552195 
0.552439 
0.552683 
0.552927 
0.553171 
0.553415 
0.553659 
0.553902 
0.554146 
0.55439 
0.554634 
0.554878 
0.555122 
0.555366 
0.55561 
0.555854 
0.556098 
0.556341 
0.556585 
0.556829 
0.557073 
0.557317 
0.557561 
0.557805 
0.558049 
0.558293 
0.558537 
0.55878 
0.559024 
0.559268 
0.559512 
0.559756 
0.56 
0.560244 
0.560488 
0.560732 
0.560976 
0.56122 
0.561463 
0.561707 
0.561951 
0.562195 
0.562439 
0.562683 
0.562927 
0.563171 
0.563415 
0.563659 
0.563902 
0.564146 
0.56439 
0.564634 
0.564878 
0.565122 
0.565366 
0.56561 
0.565854 
0.566098 
0.566341 
0.566585 
0.566829 
0.567073 
0.567317 
0.567561 
0.567805 
0.568049 
0.568293 
0.568537 
0.56878 
0.569024 
0.569268 
0.569512 
0.569756 
0.57 
0.570244 
0.570488 
0.570732 
0.570976 
0.57122 
0.571463 
0.571707 
0.571951 
0.572195 
0.572439 
0.572683 
0.572927 
0.573171 
0.573415 
0.573659 
0.573902 
0.574146 
0.57439 
0.574634 
0.574878 
0.575122 
0.575366 
0.57561 
0.575854 
0.576098 
0.576341 
0.576585 
0.576829 
0.577073 
0.577317 
0.577561 
0.577805 
0.578049 
0.578293 
0.578537 
0.57878 
0.579024 
0.579268 
0.579512 
0.579756 
0.58 
0.580244 
0.580488 
0.580732 
0.580976 
0.58122 
0.581463 
0.581707 
0.581951 
0.582195 
0.582439 
0.582683 
0.582927 
0.583171 
0.583415 
0.583659 
0.583902 
0.584146 
0.58439 
0.584634 
0.584878 
0.585122 
0.585366 
0.58561 
0.585854 
0.586098 
0.586341 
0.586585 
0.586829 
0.587073 
0.587317 
0.587561 
0.587805 
0.588049 
0.588293 
0.588537 
0.58878 
0.589024 
0.589268 
0.589512 
0.589756 
0.59 
0.590244 
0.590488 
0.590732 
0.590976 
0.59122 
0.591463 
0.591707 
0.591951 
0.592195 
0.592439 
0.592683 
0.592927 
0.593171 
0.593415 
0.593659 
0.593902 
0.594146 
0.59439 
0.594634 
0.594878 
0.595122 
0.595366 
0.59561 
0.595854 
0.596098 
0.596341 
0.596585 
0.596829 
0.597073 
0.597317 
0.597561 
0.597805 
0.598049 
0.598293 
0.598537 
0.59878 
0.599024 
0.599268 
0.599512 
0.599756 
0.6 
0.600244 
0.600488 
0.600732 
0.600976 
0.60122 
0.601463 
0.601707 
0.601951 
0.602195 
0.602439 
0.602683 
0.602927 
0.603171 
0.603415 
0.603659 
0.603902 
0.604146 
0.60439 
0.604634 
0.604878 
0.605122 
0.605366 
0.60561 
0.605854 
0.606098 
0.606341 
0.606585 
0.606829 
0.607073 
0.607317 
0.607561 
0.607805 
0.608049 
0.608293 
0.608537 
0.60878 
0.609024 
0.609268 
0.609512 
0.609756 
0.61 
0.610244 
0.610488 
0.610732 
0.610976 
0.61122 
0.611463 
0.611707 
0.611951 
0.612195 
0.612439 
0.612683 
0.612927 
0.613171 
0.613415 
0.613659 
0.613902 
0.614146 
0.61439 
0.614634 
0.614878 
0.615122 
0.615366 
0.61561 
0.615854 
0.616098 
0.616341 
0.616585 
0.616829 
0.617073 
0.617317 
0.617561 
0.617805 
0.618049 
0.618293 
0.618537 
0.61878 
0.619024 
0.619268 
0.619512 
0.619756 
0.62 
0.620244 
0.620488 
0.620732 
0.620976 
0.62122 
0.621463 
0.621707 
0.621951 
0.622195 
0.622439 
0.622683 
0.622927 
0.623171 
0.623415 
0.623659 
0.623902 
0.624146 
0.62439 
0.624634 
0.624878 
0.625122 
0.625366 
0.62561 
0.625854 
0.626098 
0.626341 
0.626585 
0.626829 
0.627073 
0.627317 
0.627561 
0.627805 
0.628049 
0.628293 
0.628537 
0.62878 
0.629024 
0.629268 
0.629512 
0.629756 
0.63 
0.630244 
0.630488 
0.630732 
0.630976 
0.63122 
0.631463 
0.631707 
0.631951 
0.632195 
0.632439 
0.632683 
0.632927 
0.633171 
0.633415 
0.633659 
0.633902 
0.634146 
0.63439 
0.634634 
0.634878 
0.635122 
0.635366 
0.63561 
0.635854 
0.636098 
0.636341 
0.636585 
0.636829 
0.637073 
0.637317 
0.637561 
0.637805 
0.638049 
0.638293 
0.638537 
0.63878 
0.639024 
0.639268 
0.639512 
0.639756 
0.64 
0.640244 
0.640488 
0.640732 
0.640976 
0.64122 
0.641463 
0.641707 
0.641951 
0.642195 
0.642439 
0.642683 
0.642927 
0.643171 
0.643415 
0.643659 
0.643902 
0.644146 
0.64439 
0.644634 
0.644878 
0.645122 
0.645366 
0.64561 
0.645854 
0.646098 
0.646341 
0.646585 
0.646829 
0.647073 
0.647317 
0.647561 
0.647805 
0.648049 
0.648293 
0.648537 
0.64878 
0.649024 
0.649268 
0.649512 
0.649756 
0.65 
0.650244 
0.650488 
0.650732 
0.650976 
0.65122 
0.651463 
0.651707 
0.651951 
0.652195 
0.652439 
0.652683 
0.652927 
0.653171 
0.653415 
0.653659 
0.653902 
0.654146 
0.65439 
0.654634 
0.654878 
0.655122 
0.655366 
0.65561 
0.655854 
0.656098 
0.656341 
0.656585 
0.656829 
0.657073 
0.657317 
0.657561 
0.657805 
0.658049 
0.658293 
0.658537 
0.65878 
0.659024 
0.659268 
0.659512 
0.659756 
0.66 
0.660244 
0.660488 
0.660732 
0.660976 
0.66122 
0.661463 
0.661707 
0.661951 
0.662195 
0.662439 
0.662683 
0.662927 
0.663171 
0.663415 
0.663659 
0.663902 
0.664146 
0.66439 
0.664634 
0.664878 
0.665122 
0.665366 
0.66561 
0.665854 
0.666098 
0.666341 
0.666585 
0.666829 
0.667073 
0.667317 
0.667561 
0.667805 
0.668049 
0.668293 
0.668537 
0.66878 
0.669024 
0.669268 
0.669512 
0.669756 
0.67 
0.670244 
0.670488 
0.670732 
0.670976 
0.67122 
0.671463 
0.671707 
0.671951 
0.672195 
0.672439 
0.672683 
0.672927 
0.673171 
0.673415 
0.673659 
0.673902 
0.674146 
0.67439 
0.674634 
0.674878 
0.675122 
0.675366 
0.67561 
0.675854 
0.676098 
0.676341 
0.676585 
0.676829 
0.677073 
0.677317 
0.677561 
0.677805 
0.678049 
0.678293 
0.678537 
0.67878 
0.679024 
0.679268 
0.679512 
0.679756 
0.68 
0.680244 
0.680488 
0.680732 
0.680976 
0.68122 
0.681463 
0.681707 
0.681951 
0.682195 
0.682439 
0.682683 
0.682927 
0.683171 
0.683415 
0.683659 
0.683902 
0.684146 
0.68439 
0.684634 
0.684878 
0.685122 
0.685366 
0.68561 
0.685854 
0.686098 
0.686341 
0.686585 
0.686829 
0.687073 
0.687317 
0.687561 
0.687805 
0.688049 
0.688293 
0.688537 
0.68878 
0.689024 
0.689268 
0.689512 
0.689756 
0.69 
0.690244 
0.690488 
0.690732 
0.690976 
0.69122 
0.691463 
0.691707 
0.691951 
0.692195 
0.692439 
0.692683 
0.692927 
0.693171 
0.693415 
0.693659 
0.693902 
0.694146 
0.69439 
0.694634 
0.694878 
0.695122 
0.695366 
0.69561 
0.695854 
0.696098 
0.696341 
0.696585 
0.696829 
0.697073 
0.697317 
0.697561 
0.697805 
0.698049 
0.698293 
0.698537 
0.69878 
0.699024 
0.699268 
0.699512 
0.699756 
0.7 
0.700244 
0.700488 
0.700732 
0.700976 
0.70122 
0.701463 
0.701707 
0.701951 
0.702195 
0.702439 
0.702683 
0.702927 
0.703171 
0.703415 
0.703659 
0.703902 
0.704146 
0.70439 
0.704634 
0.704878 
0.705122 
0.705366 
0.70561 
0.705854 
0.706098 
0.706341 
0.706585 
0.706829 
0.707073 
0.707317 
0.707561 
0.707805 
0.708049 
0.708293 
0.708537 
0.70878 
0.709024 
0.709268 
0.709512 
0.709756 
0.71 
0.710244 
0.710488 
0.710732 
0.710976 
0.71122 
0.711463 
0.711707 
0.711951 
0.712195 
0.712439 
0.712683 
0.712927 
0.713171 
0.713415 
0.713659 
0.713902 
0.714146 
0.71439 
0.714634 
0.714878 
0.715122 
0.715366 
0.71561 
0.715854 
0.716098 
0.716341 
0.716585 
0.716829 
0.717073 
0.717317 
0.717561 
0.717805 
0.718049 
0.718293 
0.718537 
0.71878 
0.719024 
0.719268 
0.719512 
0.719756 
0.72 
0.720244 
0.720488 
0.720732 
0.720976 
0.72122 
0.721463 
0.721707 
0.721951 
0.722195 
0.722439 
0.722683 
0.722927 
0.723171 
0.723415 
0.723659 
0.723902 
0.724146 
0.72439 
0.724634 
0.724878 
0.725122 
0.725366 
0.72561 
0.725854 
0.726098 
0.726341 
0.726585 
0.726829 
0.727073 
0.727317 
0.727561 
0.727805 
0.728049 
0.728293 
0.728537 
0.72878 
0.729024 
0.729268 
0.729512 
0.729756 
0.73 
0.730244 
0.730488 
0.730732 
0.730976 
0.73122 
0.731463 
0.731707 
0.731951 
0.732195 
0.732439 
0.732683 
0.732927 
0.733171 
0.733415 
0.733659 
0.733902 
0.734146 
0.73439 
0.734634 
0.734878 
0.735122 
0.735366 
0.73561 
0.735854 
0.736098 
0.736341 
0.736585 
0.736829 
0.737073 
0.737317 
0.737561 
0.737805 
0.738049 
0.738293 
0.738537 
0.73878 
0.739024 
0.739268 
0.739512 
0.739756 
0.74 
0.740244 
0.740488 
0.740732 
0.740976 
0.74122 
0.741463 
0.741707 
0.741951 
0.742195 
0.742439 
0.742683 
0.742927 
0.743171 
0.743415 
0.743659 
0.743902 
0.744146 
0.74439 
0.744634 
0.744878 
0.745122 
0.745366 
0.74561 
0.745854 
0.746098 
0.746341 
0.746585 
0.746829 
0.747073 
0.747317 
0.747561 
0.747805 
0.748049 
0.748293 
0.748537 
0.74878 
0.749024 
0.749268 
0.749512 
0.749756 
0.75 
0.750244 
0.750488 
0.750732 
0.750976 
0.75122 
0.751463 
0.751707 
0.751951 
0.752195 
0.752439 
0.752683 
0.752927 
0.753171 
0.753415 
0.753659 
0.753902 
0.754146 
0.75439 
0.754634 
0.754878 
0.755122 
0.755366 
0.75561 
0.755854 
0.756098 
0.756341 
0.756585 
0.756829 
0.757073 
0.757317 
0.757561 
0.757805 
0.758049 
0.758293 
0.758537 
0.75878 
0.759024 
0.759268 
0.759512 
0.759756 
0.76 
0.760244 
0.760488 
0.760732 
0.760976 
0.76122 
0.761463 
0.761707 
0.761951 
0.762195 
0.762439 
0.762683 
0.762927 
0.763171 
0.763415 
0.763659 
0.763902 
0.764146 
0.76439 
0.764634 
0.764878 
0.765122 
0.765366 
0.76561 
0.765854 
0.766098 
0.766341 
0.766585 
0.766829 
0.767073 
0.767317 
0.767561 
0.767805 
0.768049 
0.768293 
0.768537 
0.76878 
0.769024 
0.769268 
0.769512 
0.769756 
0.77 
0.770244 
0.770488 
0.770732 
0.770976 
0.77122 
0.771463 
0.771707 
0.771951 
0.772195 
0.772439 
0.772683 
0.772927 
0.773171 
0.773415 
0.773659 
0.773902 
0.774146 
0.77439 
0.774634 
0.774878 
0.775122 
0.775366 
0.77561 
0.775854 
0.776098 
0.776341 
0.776585 
0.776829 
0.777073 
0.777317 
0.777561 
0.777805 
0.778049 
0.778293 
0.778537 
0.77878 
0.779024 
0.779268 
0.779512 
0.779756 
0.78 
0.780244 
0.780488 
0.780732 
0.780976 
0.78122 
0.781463 
0.781707 
0.781951 
0.782195 
0.782439 
0.782683 
0.782927 
0.783171 
0.783415 
0.783659 
0.783902 
0.784146 
0.78439 
0.784634 
0.784878 
0.785122 
0.785366 
0.78561 
0.785854 
0.786098 
0.786341 
0.786585 
0.786829 
0.787073 
0.787317 
0.787561 
0.787805 
0.788049 
0.788293 
0.788537 
0.78878 
0.789024 
0.789268 
0.789512 
0.789756 
0.79 
0.790244 
0.790488 
0.790732 
0.790976 
0.79122 
0.791463 
0.791707 
0.791951 
0.792195 
0.792439 
0.792683 
0.792927 
0.793171 
0.793415 
0.793659 
0.793902 
0.794146 
0.79439 
0.794634 
0.794878 
0.795122 
0.795366 
0.79561 
0.795854 
0.796098 
0.796341 
0.796585 
0.796829 
0.797073 
0.797317 
0.797561 
0.797805 
0.798049 
0.798293 
0.798537 
0.79878 
0.799024 
0.799268 
0.799512 
0.799756 
0.8 
0.800244 
0.800488 
0.800732 
0.800976 
0.80122 
0.801463 
0.801707 
0.801951 
0.802195 
0.802439 
0.802683 
0.802927 
0.803171 
0.803415 
0.803659 
0.803902 
0.804146 
0.80439 
0.804634 
0.804878 
0.805122 
0.805366 
0.80561 
0.805854 
0.806098 
0.806341 
0.806585 
0.806829 
0.807073 
0.807317 
0.807561 
0.807805 
0.808049 
0.808293 
0.808537 
0.80878 
0.809024 
0.809268 
0.809512 
0.809756 
0.81 
0.810244 
0.810488 
0.810732 
0.810976 
0.81122 
0.811463 
0.811707 
0.811951 
0.812195 
0.812439 
0.812683 
0.812927 
0.813171 
0.813415 
0.813659 
0.813902 
0.814146 
0.81439 
0.814634 
0.814878 
0.815122 
0.815366 
0.81561 
0.815854 
0.816098 
0.816341 
0.816585 
0.816829 
0.817073 
0.817317 
0.817561 
0.817805 
0.818049 
0.818293 
0.818537 
0.81878 
0.819024 
0.819268 
0.819512 
0.819756 
0.82 
0.820244 
0.820488 
0.820732 
0.820976 
0.82122 
0.821463 
0.821707 
0.821951 
0.822195 
0.822439 
0.822683 
0.822927 
0.823171 
0.823415 
0.823659 
0.823902 
0.824146 
0.82439 
0.824634 
0.824878 
0.825122 
0.825366 
0.82561 
0.825854 
0.826098 
0.826341 
0.826585 
0.826829 
0.827073 
0.827317 
0.827561 
0.827805 
0.828049 
0.828293 
0.828537 
0.82878 
0.829024 
0.829268 
0.829512 
0.829756 
0.83 
0.830244 
0.830488 
0.830732 
0.830976 
0.83122 
0.831463 
0.831707 
0.831951 
0.832195 
0.832439 
0.832683 
0.832927 
0.833171 
0.833415 
0.833659 
0.833902 
0.834146 
0.83439 
0.834634 
0.834878 
0.835122 
0.835366 
0.83561 
0.835854 
0.836098 
0.836341 
0.836585 
0.836829 
0.837073 
0.837317 
0.837561 
0.837805 
0.838049 
0.838293 
0.838537 
0.83878 
0.839024 
0.839268 
0.839512 
0.839756 
0.84 
0.840244 
0.840488 
0.840732 
0.840976 
0.84122 
0.841463 
0.841707 
0.841951 
0.842195 
0.842439 
0.842683 
0.842927 
0.843171 
0.843415 
0.843659 
0.843902 
0.844146 
0.84439 
0.844634 
0.844878 
0.845122 
0.845366 
0.84561 
0.845854 
0.846098 
0.846341 
0.846585 
0.846829 
0.847073 
0.847317 
0.847561 
0.847805 
0.848049 
0.848293 
0.848537 
0.84878 
0.849024 
0.849268 
0.849512 
0.849756 
0.85 
0.850244 
0.850488 
0.850732 
0.850976 
0.85122 
0.851463 
0.851707 
0.851951 
0.852195 
0.852439 
0.852683 
0.852927 
0.853171 
0.853415 
0.853659 
0.853902 
0.854146 
0.85439 
0.854634 
0.854878 
0.855122 
0.855366 
0.85561 
0.855854 
0.856098 
0.856341 
0.856585 
0.856829 
0.857073 
0.857317 
0.857561 
0.857805 
0.858049 
0.858293 
0.858537 
0.85878 
0.859024 
0.859268 
0.859512 
0.859756 
0.86 
0.860244 
0.860488 
0.860732 
0.860976 
0.86122 
0.861463 
0.861707 
0.861951 
0.862195 
0.862439 
0.862683 
0.862927 
0.863171 
0.863415 
0.863659 
0.863902 
0.864146 
0.86439 
0.864634 
0.864878 
0.865122 
0.865366 
0.86561 
0.865854 
0.866098 
0.866341 
0.866585 
0.866829 
0.867073 
0.867317 
0.867561 
0.867805 
0.868049 
0.868293 
0.868537 
0.86878 
0.869024 
0.869268 
0.869512 
0.869756 
0.87 
0.870244 
0.870488 
0.870732 
0.870976 
0.87122 
0.871463 
0.871707 
0.871951 
0.872195 
0.872439 
0.872683 
0.872927 
0.873171 
0.873415 
0.873659 
0.873902 
0.874146 
0.87439 
0.874634 
0.874878 
0.875122 
0.875366 
0.87561 
0.875854 
0.876098 
0.876341 
0.876585 
0.876829 
0.877073 
0.877317 
0.877561 
0.877805 
0.878049 
0.878293 
0.878537 
0.87878 
0.879024 
0.879268 
0.879512 
0.879756 
0.88 
0.880244 
0.880488 
0.880732 
0.880976 
0.88122 
0.881463 
0.881707 
0.881951 
0.882195 
0.882439 
0.882683 
0.882927 
0.883171 
0.883415 
0.883659 
0.883902 
0.884146 
0.88439 
0.884634 
0.884878 
0.885122 
0.885366 
0.88561 
0.885854 
0.886098 
0.886341 
0.886585 
0.886829 
0.887073 
0.887317 
0.887561 
0.887805 
0.888049 
0.888293 
0.888537 
0.88878 
0.889024 
0.889268 
0.889512 
0.889756 
0.89 
0.890244 
0.890488 
0.890732 
0.890976 
0.89122 
0.891463 
0.891707 
0.891951 
0.892195 
0.892439 
0.892683 
0.892927 
0.893171 
0.893415 
0.893659 
0.893902 
0.894146 
0.89439 
0.894634 
0.894878 
0.895122 
0.895366 
0.89561 
0.895854 
0.896098 
0.896341 
0.896585 
0.896829 
0.897073 
0.897317 
0.897561 
0.897805 
0.898049 
0.898293 
0.898537 
0.89878 
0.899024 
0.899268 
0.899512 
0.899756 
0.9 
0.900244 
0.900488 
0.900732 
0.900976 
0.90122 
0.901463 
0.901707 
0.901951 
0.902195 
0.902439 
0.902683 
0.902927 
0