0 
2.25117e-05 
8.32768e-05 
0.000160033 
0.000251644 
0.00035735 
0.000477471 
0.000603597 
0.000744562 
0.000894925 
0.00104529 
0.00120818 
0.00137107 
0.00155206 
0.00173306 
0.00191405 
0.00209504 
0.00227603 
0.00245702 
0.00263802 
0.00281901 
0.003 
0.00321429 
0.00342857 
0.00364286 
0.00385714 
0.00407143 
0.00428571 
0.0045 
0.00471429 
0.00492857 
0.00514286 
0.00535714 
0.00557143 
0.00578571 
0.006 
0.00623077 
0.00646154 
0.00669231 
0.00692308 
0.00715385 
0.00738462 
0.00761538 
0.00784615 
0.00807692 
0.00830769 
0.00853846 
0.00876923 
0.009 
0.00923077 
0.00946154 
0.00969231 
0.00992308 
0.0101538 
0.0103846 
0.0106154 
0.0108462 
0.0110769 
0.0113077 
0.0115385 
0.0117692 
0.012 
0.0122308 
0.0124615 
0.0126923 
0.0129231 
0.0131538 
0.0133846 
0.0136154 
0.0138462 
0.0140769 
0.0143077 
0.0145385 
0.0147692 
0.015 
0.0152308 
0.0154615 
0.0156923 
0.0159231 
0.0161538 
0.0163846 
0.0166154 
0.0168462 
0.0170769 
0.0173077 
0.0175385 
0.0177692 
0.018 
0.0182308 
0.0184615 
0.0186923 
0.0189231 
0.0191538 
0.0193846 
0.0196154 
0.0198462 
0.0200769 
0.0203077 
0.0205385 
0.0207692 
0.021 
0.0212308 
0.0214615 
0.0216923 
0.0219231 
0.0221538 
0.0223846 
0.0226154 
0.0228462 
0.0230769 
0.0233077 
0.0235385 
0.0237692 
0.024 
0.0242308 
0.0244615 
0.0246923 
0.0249231 
0.0251538 
0.0253846 
0.0256154 
0.0258462 
0.0260769 
0.0263077 
0.0265385 
0.0267692 
0.027 
0.0272308 
0.0274615 
0.0276923 
0.0279231 
0.0281538 
0.0283846 
0.0286154 
0.0288462 
0.0290769 
0.0293077 
0.0295385 
0.0297692 
0.03 
0.0302308 
0.0304615 
0.0306923 
0.0309231 
0.0311538 
0.0313846 
0.0316154 
0.0318462 
0.0320769 
0.0323077 
0.0325385 
0.0327692 
0.033 
0.0332308 
0.0334615 
0.0336923 
0.0339231 
0.0341538 
0.0343846 
0.0346154 
0.0348462 
0.0350769 
0.0353077 
0.0355385 
0.0357692 
0.036 
0.0362308 
0.0364615 
0.0366923 
0.0369231 
0.0371538 
0.0373846 
0.0376154 
0.0378462 
0.0380769 
0.0383077 
0.0385385 
0.0387692 
0.039 
0.0392308 
0.0394615 
0.0396923 
0.0399231 
0.0401538 
0.0403846 
0.0406154 
0.0408462 
0.0410769 
0.0413077 
0.0415385 
0.0417692 
0.042 
0.0422308 
0.0424615 
0.0426923 
0.0429231 
0.0431538 
0.0433846 
0.0436154 
0.0438462 
0.0440769 
0.0443077 
0.0445385 
0.0447692 
0.045 
0.0452308 
0.0454615 
0.0456923 
0.0459231 
0.0461538 
0.0463846 
0.0466154 
0.0468462 
0.0470769 
0.0473077 
0.0475385 
0.0477692 
0.048 
0.0482308 
0.0484615 
0.0486923 
0.0489231 
0.0491538 
0.0493846 
0.0496154 
0.0498462 
0.0500769 
0.0503077 
0.0505385 
0.0507692 
0.051 
0.0512308 
0.0514615 
0.0516923 
0.0519231 
0.0521538 
0.0523846 
0.0526154 
0.0528462 
0.0530769 
0.0533077 
0.0535385 
0.0537692 
0.054 
0.0542308 
0.0544615 
0.0546923 
0.0549231 
0.0551538 
0.0553846 
0.0556154 
0.0558462 
0.0560769 
0.0563077 
0.0565385 
0.0567692 
0.057 
0.0572308 
0.0574615 
0.0576923 
0.0579231 
0.0581538 
0.0583846 
0.0586154 
0.0588462 
0.0590769 
0.0593077 
0.0595385 
0.0597692 
0.06 
0.0602308 
0.0604615 
0.0606923 
0.0609231 
0.0611538 
0.0613846 
0.0616154 
0.0618462 
0.0620769 
0.0623077 
0.0625385 
0.0627692 
0.063 
0.0632308 
0.0634615 
0.0636923 
0.0639231 
0.0641538 
0.0643846 
0.0646154 
0.0648462 
0.0650769 
0.0653077 
0.0655385 
0.0657692 
0.066 
0.0662308 
0.0664615 
0.0666923 
0.0669231 
0.0671538 
0.0673846 
0.0676154 
0.0678462 
0.0680769 
0.0683077 
0.0685385 
0.0687692 
0.069 
0.0692308 
0.0694615 
0.0696923 
0.0699231 
0.0701538 
0.0703846 
0.0706154 
0.0708462 
0.0710769 
0.0713077 
0.0715385 
0.0717692 
0.072 
0.0722308 
0.0724615 
0.0726923 
0.0729231 
0.0731538 
0.0733846 
0.0736154 
0.0738462 
0.0740769 
0.0743077 
0.0745385 
0.0747692 
0.075 
0.0752308 
0.0754615 
0.0756923 
0.0759231 
0.0761538 
0.0763846 
0.0766154 
0.0768462 
0.0770769 
0.0773077 
0.0775385 
0.0777692 
0.078 
0.0782308 
0.0784615 
0.0786923 
0.0789231 
0.0791538 
0.0793846 
0.0796154 
0.0798462 
0.0800769 
0.0803077 
0.0805385 
0.0807692 
0.081 
0.0812308 
0.0814615 
0.0816923 
0.0819231 
0.0821538 
0.0823846 
0.0826154 
0.0828462 
0.0830769 
0.0833077 
0.0835385 
0.0837692 
0.084 
0.0842308 
0.0844615 
0.0846923 
0.0849231 
0.0851538 
0.0853846 
0.0856154 
0.0858462 
0.0860769 
0.0863077 
0.0865385 
0.0867692 
0.087 
0.0872308 
0.0874615 
0.0876923 
0.0879231 
0.0881538 
0.0883846 
0.0886154 
0.0888462 
0.0890769 
0.0893077 
0.0895385 
0.0897692 
0.09 
0.0902308 
0.0904615 
0.0906923 
0.0909231 
0.0911538 
0.0913846 
0.0916154 
0.0918462 
0.0920769 
0.0923077 
0.0925385 
0.0927692 
0.093 
0.0932308 
0.0934615 
0.0936923 
0.0939231 
0.0941538 
0.0943846 
0.0946154 
0.0948462 
0.0950769 
0.0953077 
0.0955385 
0.0957692 
0.096 
0.0962308 
0.0964615 
0.0966923 
0.0969231 
0.0971538 
0.0973846 
0.0976154 
0.0978462 
0.0980769 
0.0983077 
0.0985385 
0.0987692 
0.099 
0.0992308 
0.0994615 
0.0996923 
0.0999231 
0.100154 
0.100385 
0.100615 
0.100846 
0.101077 
0.101308 
0.101538 
0.101769 
0.102 
0.102231 
0.102462 
0.102692 
0.102923 
0.103154 
0.103385 
0.103615 
0.103846 
0.104077 
0.104308 
0.104538 
0.104769 
0.105 
0.105231 
0.105462 
0.105692 
0.105923 
0.106154 
0.106385 
0.106615 
0.106846 
0.107077 
0.107308 
0.107538 
0.107769 
0.108 
0.108231 
0.108462 
0.108692 
0.108923 
0.109154 
0.109385 
0.109615 
0.109846 
0.110077 
0.110308 
0.110538 
0.110769 
0.111 
0.111231 
0.111462 
0.111692 
0.111923 
0.112154 
0.112385 
0.112615 
0.112846 
0.113077 
0.113308 
0.113538 
0.113769 
0.114 
0.114231 
0.114462 
0.114692 
0.114923 
0.115154 
0.115385 
0.115615 
0.115846 
0.116077 
0.116308 
0.116538 
0.116769 
0.117 
0.117231 
0.117462 
0.117692 
0.117923 
0.118154 
0.118385 
0.118615 
0.118846 
0.119077 
0.119308 
0.119538 
0.119769 
0.12 
0.120231 
0.120462 
0.120692 
0.120923 
0.121154 
0.121385 
0.121615 
0.121846 
0.122077 
0.122308 
0.122538 
0.122769 
0.123 
0.123231 
0.123462 
0.123692 
0.123923 
0.124154 
0.124385 
0.124615 
0.124846 
0.125077 
0.125308 
0.125538 
0.125769 
0.126 
0.126231 
0.126462 
0.126692 
0.126923 
0.127154 
0.127385 
0.127615 
0.127846 
0.128077 
0.128308 
0.128538 
0.128769 
0.129 
0.129231 
0.129462 
0.129692 
0.129923 
0.130154 
0.130385 
0.130615 
0.130846 
0.131077 
0.131308 
0.131538 
0.131769 
0.132 
0.132231 
0.132462 
0.132692 
0.132923 
0.133154 
0.133385 
0.133615 
0.133846 
0.134077 
0.134308 
0.134538 
0.134769 
0.135 
0.135231 
0.135462 
0.135692 
0.135923 
0.136154 
0.136385 
0.136615 
0.136846 
0.137077 
0.137308 
0.137538 
0.137769 
0.138 
0.138231 
0.138462 
0.138692 
0.138923 
0.139154 
0.139385 
0.139615 
0.139846 
0.140077 
0.140308 
0.140538 
0.140769 
0.141 
0.141231 
0.141462 
0.141692 
0.141923 
0.142154 
0.142385 
0.142615 
0.142846 
0.143077 
0.143308 
0.143538 
0.143769 
0.144 
0.144231 
0.144462 
0.144692 
0.144923 
0.145154 
0.145385 
0.145615 
0.145846 
0.146077 
0.146308 
0.146538 
0.146769 
0.147 
0.147231 
0.147462 
0.147692 
0.147923 
0.148154 
0.148385 
0.148615 
0.148846 
0.149077 
0.149308 
0.149538 
0.149769 
0.15 
0.150231 
0.150462 
0.150692 
0.150923 
0.151154 
0.151385 
0.151615 
0.151846 
0.152077 
0.152308 
0.152538 
0.152769 
0.153 
0.153231 
0.153462 
0.153692 
0.153923 
0.154154 
0.154385 
0.154615 
0.154846 
0.155077 
0.155308 
0.155538 
0.155769 
0.156 
0.156231 
0.156462 
0.156692 
0.156923 
0.157154 
0.157385 
0.157615 
0.157846 
0.158077 
0.158308 
0.158538 
0.158769 
0.159 
0.159231 
0.159462 
0.159692 
0.159923 
0.160154 
0.160385 
0.160615 
0.160846 
0.161077 
0.161308 
0.161538 
0.161769 
0.162 
0.162231 
0.162462 
0.162692 
0.162923 
0.163154 
0.163385 
0.163615 
0.163846 
0.164077 
0.164308 
0.164538 
0.164769 
0.165 
0.165231 
0.165462 
0.165692 
0.165923 
0.166154 
0.166385 
0.166615 
0.166846 
0.167077 
0.167308 
0.167538 
0.167769 
0.168 
0.168231 
0.168462 
0.168692 
0.168923 
0.169154 
0.169385 
0.169615 
0.169846 
0.170077 
0.170308 
0.170538 
0.170769 
0.171 
0.171231 
0.171462 
0.171692 
0.171923 
0.172154 
0.172385 
0.172615 
0.172846 
0.173077 
0.173308 
0.173538 
0.173769 
0.174 
0.174231 
0.174462 
0.174692 
0.174923 
0.175154 
0.175385 
0.175615 
0.175846 
0.176077 
0.176308 
0.176538 
0.176769 
0.177 
0.177231 
0.177462 
0.177692 
0.177923 
0.178154 
0.178385 
0.178615 
0.178846 
0.179077 
0.179308 
0.179538 
0.179769 
0.18 
0.180231 
0.180462 
0.180692 
0.180923 
0.181154 
0.181385 
0.181615 
0.181846 
0.182077 
0.182308 
0.182538 
0.182769 
0.183 
0.183231 
0.183462 
0.183692 
0.183923 
0.184154 
0.184385 
0.184615 
0.184846 
0.185077 
0.185308 
0.185538 
0.185769 
0.186 
0.186231 
0.186462 
0.186692 
0.186923 
0.187154 
0.187385 
0.187615 
0.187846 
0.188077 
0.188308 
0.188538 
0.188769 
0.189 
0.189231 
0.189462 
0.189692 
0.189923 
0.190154 
0.190385 
0.190615 
0.190846 
0.191077 
0.191308 
0.191538 
0.191769 
0.192 
0.192231 
0.192462 
0.192692 
0.192923 
0.193154 
0.193385 
0.193615 
0.193846 
0.194077 
0.194308 
0.194538 
0.194769 
0.195 
0.195231 
0.195462 
0.195692 
0.195923 
0.196154 
0.196385 
0.196615 
0.196846 
0.197077 
0.197308 
0.197538 
0.197769 
0.198 
0.198231 
0.198462 
0.198692 
0.198923 
0.199154 
0.199385 
0.199615 
0.199846 
0.200077 
0.200308 
0.200538 
0.200769 
0.201 
0.201231 
0.201462 
0.201692 
0.201923 
0.202154 
0.202385 
0.202615 
0.202846 
0.203077 
0.203308 
0.203538 
0.203769 
0.204 
0.204231 
0.204462 
0.204692 
0.204923 
0.205154 
0.205385 
0.205615 
0.205846 
0.206077 
0.206308 
0.206538 
0.206769 
0.207 
0.207231 
0.207462 
0.207692 
0.207923 
0.208154 
0.208385 
0.208615 
0.208846 
0.209077 
0.209308 
0.209538 
0.209769 
0.21 
0.210231 
0.210462 
0.210692 
0.210923 
0.211154 
0.211385 
0.211615 
0.211846 
0.212077 
0.212308 
0.212538 
0.212769 
0.213 
0.213231 
0.213462 
0.213692 
0.213923 
0.214154 
0.214385 
0.214615 
0.214846 
0.215077 
0.215308 
0.215538 
0.215769 
0.216 
0.216231 
0.216462 
0.216692 
0.216923 
0.217154 
0.217385 
0.217615 
0.217846 
0.218077 
0.218308 
0.218538 
0.218769 
0.219 
0.219231 
0.219462 
0.219692 
0.219923 
0.220154 
0.220385 
0.220615 
0.220846 
0.221077 
0.221308 
0.221538 
0.221769 
0.222 
0.222231 
0.222462 
0.222692 
0.222923 
0.223154 
0.223385 
0.223615 
0.223846 
0.224077 
0.224308 
0.224538 
0.224769 
0.225 
0.225231 
0.225462 
0.225692 
0.225923 
0.226154 
0.226385 
0.226615 
0.226846 
0.227077 
0.227308 
0.227538 
0.227769 
0.228 
0.228231 
0.228462 
0.228692 
0.228923 
0.229154 
0.229385 
0.229615 
0.229846 
0.230077 
0.230308 
0.230538 
0.230769 
0.231 
0.231231 
0.231462 
0.231692 
0.231923 
0.232154 
0.232385 
0.232615 
0.232846 
0.233077 
0.233308 
0.233538 
0.233769 
0.234 
0.234231 
0.234462 
0.234692 
0.234923 
0.235154 
0.235385 
0.235615 
0.235846 
0.236077 
0.236308 
0.236538 
0.236769 
0.237 
0.237231 
0.237462 
0.237692 
0.237923 
0.238154 
0.238385 
0.238615 
0.238846 
0.239077 
0.239308 
0.239538 
0.239769 
0.24 
0.240231 
0.240462 
0.240692 
0.240923 
0.241154 
0.241385 
0.241615 
0.241846 
0.242077 
0.242308 
0.242538 
0.242769 
0.243 
0.243231 
0.243462 
0.243692 
0.243923 
0.244154 
0.244385 
0.244615 
0.244846 
0.245077 
0.245308 
0.245538 
0.245769 
0.246 
0.246231 
0.246462 
0.246692 
0.246923 
0.247154 
0.247385 
0.247615 
0.247846 
0.248077 
0.248308 
0.248538 
0.248769 
0.249 
0.249231 
0.249462 
0.249692 
0.249923 
0.250154 
0.250385 
0.250615 
0.250846 
0.251077 
0.251308 
0.251538 
0.251769 
0.252 
0.252231 
0.252462 
0.252692 
0.252923 
0.253154 
0.253385 
0.253615 
0.253846 
0.254077 
0.254308 
0.254538 
0.254769 
0.255 
0.255231 
0.255462 
0.255692 
0.255923 
0.256154 
0.256385 
0.256615 
0.256846 
0.257077 
0.257308 
0.257538 
0.257769 
0.258 
0.258231 
0.258462 
0.258692 
0.258923 
0.259154 
0.259385 
0.259615 
0.259846 
0.260077 
0.260308 
0.260538 
0.260769 
0.261 
0.261231 
0.261462 
0.261692 
0.261923 
0.262154 
0.262385 
0.262615 
0.262846 
0.263077 
0.263308 
0.263538 
0.263769 
0.264 
0.264231 
0.264462 
0.264692 
0.264923 
0.265154 
0.265385 
0.265615 
0.265846 
0.266077 
0.266308 
0.266538 
0.266769 
0.267 
0.267231 
0.267462 
0.267692 
0.267923 
0.268154 
0.268385 
0.268615 
0.268846 
0.269077 
0.269308 
0.269538 
0.269769 
0.27 
0.270231 
0.270462 
0.270692 
0.270923 
0.271154 
0.271385 
0.271615 
0.271846 
0.272077 
0.272308 
0.272538 
0.272769 
0.273 
0.273231 
0.273462 
0.273692 
0.273923 
0.274154 
0.274385 
0.274615 
0.274846 
0.275077 
0.275308 
0.275538 
0.275769 
0.276 
0.276231 
0.276462 
0.276692 
0.276923 
0.277154 
0.277385 
0.277615 
0.277846 
0.278077 
0.278308 
0.278538 
0.278769 
0.279 
0.279231 
0.279462 
0.279692 
0.279923 
0.280154 
0.280385 
0.280615 
0.280846 
0.281077 
0.281308 
0.281538 
0.281769 
0.282 
0.282231 
0.282462 
0.282692 
0.282923 
0.283154 
0.283385 
0.283615 
0.283846 
0.284077 
0.284308 
0.284538 
0.284769 
0.285 
0.285231 
0.285462 
0.285692 
0.285923 
0.286154 
0.286385 
0.286615 
0.286846 
0.287077 
0.287308 
0.287538 
0.287769 
0.288 
0.288231 
0.288462 
0.288692 
0.288923 
0.289154 
0.289385 
0.289615 
0.289846 
0.290077 
0.290308 
0.290538 
0.290769 
0.291 
0.291231 
0.291462 
0.291692 
0.291923 
0.292154 
0.292385 
0.292615 
0.292846 
0.293077 
0.293308 
0.293538 
0.293769 
0.294 
0.294231 
0.294462 
0.294692 
0.294923 
0.295154 
0.295385 
0.295615 
0.295846 
0.296077 
0.296308 
0.296538 
0.296769 
0.297 
0.297231 
0.297462 
0.297692 
0.297923 
0.298154 
0.298385 
0.298615 
0.298846 
0.299077 
0.299308 
0.299538 
0.299769 
0.3 
0.300231 
0.300462 
0.300692 
0.300923 
0.301154 
0.301385 
0.301615 
0.301846 
0.302077 
0.302308 
0.302538 
0.302769 
0.303 
0.303231 
0.303462 
0.303692 
0.303923 
0.304154 
0.304385 
0.304615 
0.304846 
0.305077 
0.305308 
0.305538 
0.305769 
0.306 
0.306231 
0.306462 
0.306692 
0.306923 
0.307154 
0.307385 
0.307615 
0.307846 
0.308077 
0.308308 
0.308538 
0.308769 
0.309 
0.309231 
0.309462 
0.309692 
0.309923 
0.310154 
0.310385 
0.310615 
0.310846 
0.311077 
0.311308 
0.311538 
0.311769 
0.312 
0.312231 
0.312462 
0.312692 
0.312923 
0.313154 
0.313385 
0.313615 
0.313846 
0.314077 
0.314308 
0.314538 
0.314769 
0.315 
0.315231 
0.315462 
0.315692 
0.315923 
0.316154 
0.316385 
0.316615 
0.316846 
0.317077 
0.317308 
0.317538 
0.317769 
0.318 
0.318231 
0.318462 
0.318692 
0.318923 
0.319154 
0.319385 
0.319615 
0.319846 
0.320077 
0.320308 
0.320538 
0.320769 
0.321 
0.321231 
0.321462 
0.321692 
0.321923 
0.322154 
0.322385 
0.322615 
0.322846 
0.323077 
0.323308 
0.323538 
0.323769 
0.324 
0.324231 
0.324462 
0.324692 
0.324923 
0.325154 
0.325385 
0.325615 
0.325846 
0.326077 
0.326308 
0.326538 
0.326769 
0.327 
0.327231 
0.327462 
0.327692 
0.327923 
0.328154 
0.328385 
0.328615 
0.328846 
0.329077 
0.329308 
0.329538 
0.329769 
0.33 
0.330231 
0.330462 
0.330692 
0.330923 
0.331154 
0.331385 
0.331615 
0.331846 
0.332077 
0.332308 
0.332538 
0.332769 
0.333 
0.333231 
0.333462 
0.333692 
0.333923 
0.334154 
0.334385 
0.334615 
0.334846 
0.335077 
0.335308 
0.335538 
0.335769 
0.336 
0.336231 
0.336462 
0.336692 
0.336923 
0.337154 
0.337385 
0.337615 
0.337846 
0.338077 
0.338308 
0.338538 
0.338769 
0.339 
0.339231 
0.339462 
0.339692 
0.339923 
0.340154 
0.340385 
0.340615 
0.340846 
0.341077 
0.341308 
0.341538 
0.341769 
0.342 
0.342231 
0.342462 
0.342692 
0.342923 
0.343154 
0.343385 
0.343615 
0.343846 
0.344077 
0.344308 
0.344538 
0.344769 
0.345 
0.345231 
0.345462 
0.345692 
0.345923 
0.346154 
0.346385 
0.346615 
0.346846 
0.347077 
0.347308 
0.347538 
0.347769 
0.348 
0.348231 
0.348462 
0.348692 
0.348923 
0.349154 
0.349385 
0.349615 
0.349846 
0.350077 
0.350308 
0.350538 
0.350769 
0.351 
0.351231 
0.351462 
0.351692 
0.351923 
0.352154 
0.352385 
0.352615 
0.352846 
0.353077 
0.353308 
0.353538 
0.353769 
0.354 
0.354231 
0.354462 
0.354692 
0.354923 
0.355154 
0.355385 
0.355615 
0.355846 
0.356077 
0.356308 
0.356538 
0.356769 
0.357 
0.357231 
0.357462 
0.357692 
0.357923 
0.358154 
0.358385 
0.358615 
0.358846 
0.359077 
0.359308 
0.359538 
0.359769 
0.36 
0.360231 
0.360462 
0.360692 
0.360923 
0.361154 
0.361385 
0.361615 
0.361846 
0.362077 
0.362308 
0.362538 
0.362769 
0.363 
0.363231 
0.363462 
0.363692 
0.363923 
0.364154 
0.364385 
0.364615 
0.364846 
0.365077 
0.365308 
0.365538 
0.365769 
0.366 
0.366231 
0.366462 
0.366692 
0.366923 
0.367154 
0.367385 
0.367615 
0.367846 
0.368077 
0.368308 
0.368538 
0.368769 
0.369 
0.369231 
0.369462 
0.369692 
0.369923 
0.370154 
0.370385 
0.370615 
0.370846 
0.371077 
0.371308 
0.371538 
0.371769 
0.372 
0.372231 
0.372462 
0.372692 
0.372923 
0.373154 
0.373385 
0.373615 
0.373846 
0.374077 
0.374308 
0.374538 
0.374769 
0.375 
0.375231 
0.375462 
0.375692 
0.375923 
0.376154 
0.376385 
0.376615 
0.376846 
0.377077 
0.377308 
0.377538 
0.377769 
0.378 
0.378231 
0.378462 
0.378692 
0.378923 
0.379154 
0.379385 
0.379615 
0.379846 
0.380077 
0.380308 
0.380538 
0.380769 
0.381 
0.381231 
0.381462 
0.381692 
0.381923 
0.382154 
0.382385 
0.382615 
0.382846 
0.383077 
0.383308 
0.383538 
0.383769 
0.384 
0.384231 
0.384462 
0.384692 
0.384923 
0.385154 
0.385385 
0.385615 
0.385846 
0.386077 
0.386308 
0.386538 
0.386769 
0.387 
0.387231 
0.387462 
0.387692 
0.387923 
0.388154 
0.388385 
0.388615 
0.388846 
0.389077 
0.389308 
0.389538 
0.389769 
0.39 
0.390231 
0.390462 
0.390692 
0.390923 
0.391154 
0.391385 
0.391615 
0.391846 
0.392077 
0.392308 
0.392538 
0.392769 
0.393 
0.393231 
0.393462 
0.393692 
0.393923 
0.394154 
0.394385 
0.394615 
0.394846 
0.395077 
0.395308 
0.395538 
0.395769 
0.396 
0.396231 
0.396462 
0.396692 
0.396923 
0.397154 
0.397385 
0.397615 
0.397846 
0.398077 
0.398308 
0.398538 
0.398769 
0.399 
0.399231 
0.399462 
0.399692 
0.399923 
0.400154 
0.400385 
0.400615 
0.400846 
0.401077 
0.401308 
0.401538 
0.401769 
0.402 
0.402231 
0.402462 
0.402692 
0.402923 
0.403154 
0.403385 
0.403615 
0.403846 
0.404077 
0.404308 
0.404538 
0.404769 
0.405 
0.405231 
0.405462 
0.405692 
0.405923 
0.406154 
0.406385 
0.406615 
0.406846 
0.407077 
0.407308 
0.407538 
0.407769 
0.408 
0.408231 
0.408462 
0.408692 
0.408923 
0.409154 
0.409385 
0.409615 
0.409846 
0.410077 
0.410308 
0.410538 
0.410769 
0.411 
0.411231 
0.411462 
0.411692 
0.411923 
0.412154 
0.412385 
0.412615 
0.412846 
0.413077 
0.413308 
0.413538 
0.413769 
0.414 
0.414231 
0.414462 
0.414692 
0.414923 
0.415154 
0.415385 
0.415615 
0.415846 
0.416077 
0.416308 
0.416538 
0.416769 
0.417 
0.417231 
0.417462 
0.417692 
0.417923 
0.418154 
0.418385 
0.418615 
0.418846 
0.419077 
0.419308 
0.419538 
0.419769 
0.42 
0.420231 
0.420462 
0.420692 
0.420923 
0.421154 
0.421385 
0.421615 
0.421846 
0.422077 
0.422308 
0.422538 
0.422769 
0.423 
0.423231 
0.423462 
0.423692 
0.423923 
0.424154 
0.424385 
0.424615 
0.424846 
0.425077 
0.425308 
0.425538 
0.425769 
0.426 
0.426231 
0.426462 
0.426692 
0.426923 
0.427154 
0.427385 
0.427615 
0.427846 
0.428077 
0.428308 
0.428538 
0.428769 
0.429 
0.429231 
0.429462 
0.429692 
0.429923 
0.430154 
0.430385 
0.430615 
0.430846 
0.431077 
0.431308 
0.431538 
0.431769 
0.432 
0.432231 
0.432462 
0.432692 
0.432923 
0.433154 
0.433385 
0.433615 
0.433846 
0.434077 
0.434308 
0.434538 
0.434769 
0.435 
0.435231 
0.435462 
0.435692 
0.435923 
0.436154 
0.436385 
0.436615 
0.436846 
0.437077 
0.437308 
0.437538 
0.437769 
0.438 
0.438231 
0.438462 
0.438692 
0.438923 
0.439154 
0.439385 
0.439615 
0.439846 
0.440077 
0.440308 
0.440538 
0.440769 
0.441 
0.441231 
0.441462 
0.441692 
0.441923 
0.442154 
0.442385 
0.442615 
0.442846 
0.443077 
0.443308 
0.443538 
0.443769 
0.444 
0.444231 
0.444462 
0.444692 
0.444923 
0.445154 
0.445385 
0.445615 
0.445846 
0.446077 
0.446308 
0.446538 
0.446769 
0.447 
0.447231 
0.447462 
0.447692 
0.447923 
0.448154 
0.448385 
0.448615 
0.448846 
0.449077 
0.449308 
0.449538 
0.449769 
0.45 
0.450231 
0.450462 
0.450692 
0.450923 
0.451154 
0.451385 
0.451615 
0.451846 
0.452077 
0.452308 
0.452538 
0.452769 
0.453 
0.453231 
0.453462 
0.453692 
0.453923 
0.454154 
0.454385 
0.454615 
0.454846 
0.455077 
0.455308 
0.455538 
0.455769 
0.456 
0.456231 
0.456462 
0.456692 
0.456923 
0.457154 
0.457385 
0.457615 
0.457846 
0.458077 
0.458308 
0.458538 
0.458769 
0.459 
0.459231 
0.459462 
0.459692 
0.459923 
0.460154 
0.460385 
0.460615 
0.460846 
0.461077 
0.461308 
0.461538 
0.461769 
0.462 
0.462231 
0.462462 
0.462692 
0.462923 
0.463154 
0.463385 
0.463615 
0.463846 
0.464077 
0.464308 
0.464538 
0.464769 
0.465 
0.465231 
0.465462 
0.465692 
0.465923 
0.466154 
0.466385 
0.466615 
0.466846 
0.467077 
0.467308 
0.467538 
0.467769 
0.468 
0.468231 
0.468462 
0.468692 
0.468923 
0.469154 
0.469385 
0.469615 
0.469846 
0.470077 
0.470308 
0.470538 
0.470769 
0.471 
0.471231 
0.471462 
0.471692 
0.471923 
0.472154 
0.472385 
0.472615 
0.472846 
0.473077 
0.473308 
0.473538 
0.473769 
0.474 
0.474231 
0.474462 
0.474692 
0.474923 
0.475154 
0.475385 
0.475615 
0.475846 
0.476077 
0.476308 
0.476538 
0.476769 
0.477 
0.477231 
0.477462 
0.477692 
0.477923 
0.478154 
0.478385 
0.478615 
0.478846 
0.479077 
0.479308 
0.479538 
0.479769 
0.48 
0.480231 
0.480462 
0.480692 
0.480923 
0.481154 
0.481385 
0.481615 
0.481846 
0.482077 
0.482308 
0.482538 
0.482769 
0.483 
0.483231 
0.483462 
0.483692 
0.483923 
0.484154 
0.484385 
0.484615 
0.484846 
0.485077 
0.485308 
0.485538 
0.485769 
0.486 
0.486231 
0.486462 
0.486692 
0.486923 
0.487154 
0.487385 
0.487615 
0.487846 
0.488077 
0.488308 
0.488538 
0.488769 
0.489 
0.489231 
0.489462 
0.489692 
0.489923 
0.490154 
0.490385 
0.490615 
0.490846 
0.491077 
0.491308 
0.491538 
0.491769 
0.492 
0.492231 
0.492462 
0.492692 
0.492923 
0.493154 
0.493385 
0.493615 
0.493846 
0.494077 
0.494308 
0.494538 
0.494769 
0.495 
0.495231 
0.495462 
0.495692 
0.495923 
0.496154 
0.496385 
0.496615 
0.496846 
0.497077 
0.497308 
0.497538 
0.497769 
0.498 
0.498231 
0.498462 
0.498692 
0.498923 
0.499154 
0.499385 
0.499615 
0.499846 
0.500077 
0.500308 
0.500538 
0.500769 
0.501 
0.501231 
0.501462 
0.501692 
0.501923 
0.502154 
0.502385 
0.502615 
0.502846 
0.503077 
0.503308 
0.503538 
0.503769 
0.504 
0.504231 
0.504462 
0.504692 
0.504923 
0.505154 
0.505385 
0.505615 
0.505846 
0.506077 
0.506308 
0.506538 
0.506769 
0.507 
0.507231 
0.507462 
0.507692 
0.507923 
0.508154 
0.508385 
0.508615 
0.508846 
0.509077 
0.509308 
0.509538 
0.509769 
0.51 
0.510231 
0.510462 
0.510692 
0.510923 
0.511154 
0.511385 
0.511615 
0.511846 
0.512077 
0.512308 
0.512538 
0.512769 
0.513 
0.513231 
0.513462 
0.513692 
0.513923 
0.514154 
0.514385 
0.514615 
0.514846 
0.515077 
0.515308 
0.515538 
0.515769 
0.516 
0.516231 
0.516462 
0.516692 
0.516923 
0.517154 
0.517385 
0.517615 
0.517846 
0.518077 
0.518308 
0.518538 
0.518769 
0.519 
0.519231 
0.519462 
0.519692 
0.519923 
0.520154 
0.520385 
0.520615 
0.520846 
0.521077 
0.521308 
0.521538 
0.521769 
0.522 
0.522231 
0.522462 
0.522692 
0.522923 
0.523154 
0.523385 
0.523615 
0.523846 
0.524077 
0.524308 
0.524538 
0.524769 
0.525 
0.525231 
0.525462 
0.525692 
0.525923 
0.526154 
0.526385 
0.526615 
0.526846 
0.527077 
0.527308 
0.527538 
0.527769 
0.528 
0.528231 
0.528462 
0.528692 
0.528923 
0.529154 
0.529385 
0.529615 
0.529846 
0.530077 
0.530308 
0.530538 
0.530769 
0.531 
0.531231 
0.531462 
0.531692 
0.531923 
0.532154 
0.532385 
0.532615 
0.532846 
0.533077 
0.533308 
0.533538 
0.533769 
0.534 
0.534231 
0.534462 
0.534692 
0.534923 
0.535154 
0.535385 
0.535615 
0.535846 
0.536077 
0.536308 
0.536538 
0.536769 
0.537 
0.537231 
0.537462 
0.537692 
0.537923 
0.538154 
0.538385 
0.538615 
0.538846 
0.539077 
0.539308 
0.539538 
0.539769 
0.54 
0.540231 
0.540462 
0.540692 
0.540923 
0.541154 
0.541385 
0.541615 
0.541846 
0.542077 
0.542308 
0.542538 
0.542769 
0.543 
0.543231 
0.543462 
0.543692 
0.543923 
0.544154 
0.544385 
0.544615 
0.544846 
0.545077 
0.545308 
0.545538 
0.545769 
0.546 
0.546231 
0.546462 
0.546692 
0.546923 
0.547154 
0.547385 
0.547615 
0.547846 
0.548077 
0.548308 
0.548538 
0.548769 
0.549 
0.549231 
0.549462 
0.549692 
0.549923 
0.550154 
0.550385 
0.550615 
0.550846 
0.551077 
0.551308 
0.551538 
0.551769 
0.552 
0.552231 
0.552462 
0.552692 
0.552923 
0.553154 
0.553385 
0.553615 
0.553846 
0.554077 
0.554308 
0.554538 
0.554769 
0.555 
0.555231 
0.555462 
0.555692 
0.555923 
0.556154 
0.556385 
0.556615 
0.556846 
0.557077 
0.557308 
0.557538 
0.557769 
0.558 
0.558231 
0.558462 
0.558692 
0.558923 
0.559154 
0.559385 
0.559615 
0.559846 
0.560077 
0.560308 
0.560538 
0.560769 
0.561 
0.561231 
0.561462 
0.561692 
0.561923 
0.562154 
0.562385 
0.562615 
0.562846 
0.563077 
0.563308 
0.563538 
0.563769 
0.564 
0.564231 
0.564462 
0.564692 
0.564923 
0.565154 
0.565385 
0.565615 
0.565846 
0.566077 
0.566308 
0.566538 
0.566769 
0.567 
0.567231 
0.567462 
0.567692 
0.567923 
0.568154 
0.568385 
0.568615 
0.568846 
0.569077 
0.569308 
0.569538 
0.569769 
0.57 
0.570231 
0.570462 
0.570692 
0.570923 
0.571154 
0.571385 
0.571615 
0.571846 
0.572077 
0.572308 
0.572538 
0.572769 
0.573 
0.573231 
0.573462 
0.573692 
0.573923 
0.574154 
0.574385 
0.574615 
0.574846 
0.575077 
0.575308 
0.575538 
0.575769 
0.576 
0.576231 
0.576462 
0.576692 
0.576923 
0.577154 
0.577385 
0.577615 
0.577846 
0.578077 
0.578308 
0.578538 
0.578769 
0.579 
0.579231 
0.579462 
0.579692 
0.579923 
0.580154 
0.580385 
0.580615 
0.580846 
0.581077 
0.581308 
0.581538 
0.581769 
0.582 
0.582231 
0.582462 
0.582692 
0.582923 
0.583154 
0.583385 
0.583615 
0.583846 
0.584077 
0.584308 
0.584538 
0.584769 
0.585 
0.585231 
0.585462 
0.585692 
0.585923 
0.586154 
0.586385 
0.586615 
0.586846 
0.587077 
0.587308 
0.587538 
0.587769 
0.588 
0.588231 
0.588462 
0.588692 
0.588923 
0.589154 
0.589385 
0.589615 
0.589846 
0.590077 
0.590308 
0.590538 
0.590769 
0.591 
0.591231 
0.591462 
0.591692 
0.591923 
0.592154 
0.592385 
0.592615 
0.592846 
0.593077 
0.593308 
0.593538 
0.593769 
0.594 
0.594231 
0.594462 
0.594692 
0.594923 
0.595154 
0.595385 
0.595615 
0.595846 
0.596077 
0.596308 
0.596538 
0.596769 
0.597 
0.597231 
0.597462 
0.597692 
0.597923 
0.598154 
0.598385 
0.598615 
0.598846 
0.599077 
0.599308 
0.599538 
0.599769 
0.6 
0.600231 
0.600462 
0.600692 
0.600923 
0.601154 
0.601385 
0.601615 
0.601846 
0.602077 
0.602308 
0.602538 
0.602769 
0.603 
0.603231 
0.603462 
0.603692 
0.603923 
0.604154 
0.604385 
0.604615 
0.604846 
0.605077 
0.605308 
0.605538 
0.605769 
0.606 
0.606231 
0.606462 
0.606692 
0.606923 
0.607154 
0.607385 
0.607615 
0.607846 
0.608077 
0.608308 
0.608538 
0.608769 
0.609 
0.609231 
0.609462 
0.609692 
0.609923 
0.610154 
0.610385 
0.610615 
0.610846 
0.611077 
0.611308 
0.611538 
0.611769 
0.612 
0.612231 
0.612462 
0.612692 
0.612923 
0.613154 
0.613385 
0.613615 
0.613846 
0.614077 
0.614308 
0.614538 
0.614769 
0.615 
0.615231 
0.615462 
0.615692 
0.615923 
0.616154 
0.616385 
0.616615 
0.616846 
0.617077 
0.617308 
0.617538 
0.617769 
0.618 
0.618231 
0.618462 
0.618692 
0.618923 
0.619154 
0.619385 
0.619615 
0.619846 
0.620077 
0.620308 
0.620538 
0.620769 
0.621 
0.621231 
0.621462 
0.621692 
0.621923 
0.622154 
0.622385 
0.622615 
0.622846 
0.623077 
0.623308 
0.623538 
0.623769 
0.624 
0.624231 
0.624462 
0.624692 
0.624923 
0.625154 
0.625385 
0.625615 
0.625846 
0.626077 
0.626308 
0.626538 
0.626769 
0.627 
0.627231 
0.627462 
0.627692 
0.627923 
0.628154 
0.628385 
0.628615 
0.628846 
0.629077 
0.629308 
0.629538 
0.629769 
0.63 
0.630231 
0.630462 
0.630692 
0.630923 
0.631154 
0.631385 
0.631615 
0.631846 
0.632077 
0.632308 
0.632538 
0.632769 
0.633 
0.633231 
0.633462 
0.633692 
0.633923 
0.634154 
0.634385 
0.634615 
0.634846 
0.635077 
0.635308 
0.635538 
0.635769 
0.636 
0.636231 
0.636462 
0.636692 
0.636923 
0.637154 
0.637385 
0.637615 
0.637846 
0.638077 
0.638308 
0.638538 
0.638769 
0.639 
0.639231 
0.639462 
0.639692 
0.639923 
0.640154 
0.640385 
0.640615 
0.640846 
0.641077 
0.641308 
0.641538 
0.641769 
0.642 
0.642231 
0.642462 
0.642692 
0.642923 
0.643154 
0.643385 
0.643615 
0.643846 
0.644077 
0.644308 
0.644538 
0.644769 
0.645 
0.645231 
0.645462 
0.645692 
0.645923 
0.646154 
0.646385 
0.646615 
0.646846 
0.647077 
0.647308 
0.647538 
0.647769 
0.648 
0.648231 
0.648462 
0.648692 
0.648923 
0.649154 
0.649385 
0.649615 
0.649846 
0.650077 
0.650308 
0.650538 
0.650769 
0.651 
0.651231 
0.651462 
0.651692 
0.651923 
0.652154 
0.652385 
0.652615 
0.652846 
0.653077 
0.653308 
0.653538 
0.653769 
0.654 
0.654231 
0.654462 
0.654692 
0.654923 
0.655154 
0.655385 
0.655615 
0.655846 
0.656077 
0.656308 
0.656538 
0.656769 
0.657 
0.657231 
0.657462 
0.657692 
0.657923 
0.658154 
0.658385 
0.658615 
0.658846 
0.659077 
0.659308 
0.659538 
0.659769 
0.66 
0.660231 
0.660462 
0.660692 
0.660923 
0.661154 
0.661385 
0.661615 
0.661846 
0.662077 
0.662308 
0.662538 
0.662769 
0.663 
0.663231 
0.663462 
0.663692 
0.663923 
0.664154 
0.664385 
0.664615 
0.664846 
0.665077 
0.665308 
0.665538 
0.665769 
0.666 
0.666231 
0.666462 
0.666692 
0.666923 
0.667154 
0.667385 
0.667615 
0.667846 
0.668077 
0.668308 
0.668538 
0.668769 
0.669 
0.669231 
0.669462 
0.669692 
0.669923 
0.670154 
0.670385 
0.670615 
0.670846 
0.671077 
0.671308 
0.671538 
0.671769 
0.672 
0.672231 
0.672462 
0.672692 
0.672923 
0.673154 
0.673385 
0.673615 
0.673846 
0.674077 
0.674308 
0.674538 
0.674769 
0.675 
0.675231 
0.675462 
0.675692 
0.675923 
0.676154 
0.676385 
0.676615 
0.676846 
0.677077 
0.677308 
0.677538 
0.677769 
0.678 
0.678231 
0.678462 
0.678692 
0.678923 
0.679154 
0.679385 
0.679615 
0.679846 
0.680077 
0.680308 
0.680538 
0.680769 
0.681 
0.681231 
0.681462 
0.681692 
0.681923 
0.682154 
0.682385 
0.682615 
0.682846 
0.683077 
0.683308 
0.683538 
0.683769 
0.684 
0.684231 
0.684462 
0.684692 
0.684923 
0.685154 
0.685385 
0.685615 
0.685846 
0.686077 
0.686308 
0.686538 
0.686769 
0.687 
0.687231 
0.687462 
0.687692 
0.687923 
0.688154 
0.688385 
0.688615 
0.688846 
0.689077 
0.689308 
0.689538 
0.689769 
0.69 
0.690231 
0.690462 
0.690692 
0.690923 
0.691154 
0.691385 
0.691615 
0.691846 
0.692077 
0.692308 
0.692538 
0.692769 
0.693 
0.693231 
0.693462 
0.693692 
0.693923 
0.694154 
0.694385 
0.694615 
0.694846 
0.695077 
0.695308 
0.695538 
0.695769 
0.696 
0.696231 
0.696462 
0.696692 
0.696923 
0.697154 
0.697385 
0.697615 
0.697846 
0.698077 
0.698308 
0.698538 
0.698769 
0.699 
0.699231 
0.699462 
0.699692 
0.699923 
0.700154 
0.700385 
0.700615 
0.700846 
0.701077 
0.701308 
0.701538 
0.701769 
0.702 
0.702231 
0.702462 
0.702692 
0.702923 
0.703154 
0.703385 
0.703615 
0.703846 
0.704077 
0.704308 
0.704538 
0.704769 
0.705 
0.705231 
0.705462 
0.705692 
0.705923 
0.706154 
0.706385 
0.706615 
0.706846 
0.707077 
0.707308 
0.707538 
0.707769 
0.708 
0.708231 
0.708462 
0.708692 
0.708923 
0.709154 
0.709385 
0.709615 
0.709846 
0.710077 
0.710308 
0.710538 
0.710769 
0.711 
0.711231 
0.711462 
0.711692 
0.711923 
0.712154 
0.712385 
0.712615 
0.712846 
0.713077 
0.713308 
0.713538 
0.713769 
0.714 
0.714231 
0.714462 
0.714692 
0.714923 
0.715154 
0.715385 
0.715615 
0.715846 
0.716077 
0.716308 
0.716538 
0.716769 
0.717 
0.717231 
0.717462 
0.717692 
0.717923 
0.718154 
0.718385 
0.718615 
0.718846 
0.719077 
0.719308 
0.719538 
0.719769 
0.72 
0.720231 
0.720462 
0.720692 
0.720923 
0.721154 
0.721385 
0.721615 
0.721846 
0.722077 
0.722308 
0.722538 
0.722769 
0.723 
0.723231 
0.723462 
0.723692 
0.723923 
0.724154 
0.724385 
0.724615 
0.724846 
0.725077 
0.725308 
0.725538 
0.725769 
0.726 
0.726231 
0.726462 
0.726692 
0.726923 
0.727154 
0.727385 
0.727615 
0.727846 
0.728077 
0.728308 
0.728538 
0.728769 
0.729 
0.729231 
0.729462 
0.729692 
0.729923 
0.730154 
0.730385 
0.730615 
0.730846 
0.731077 
0.731308 
0.731538 
0.731769 
0.732 
0.732231 
0.732462 
0.732692 
0.732923 
0.733154 
0.733385 
0.733615 
0.733846 
0.734077 
0.734308 
0.734538 
0.734769 
0.735 
0.735231 
0.735462 
0.735692 
0.735923 
0.736154 
0.736385 
0.736615 
0.736846 
0.737077 
0.737308 
0.737538 
0.737769 
0.738 
0.738231 
0.738462 
0.738692 
0.738923 
0.739154 
0.739385 
0.739615 
0.739846 
0.740077 
0.740308 
0.740538 
0.740769 
0.741 
0.741231 
0.741462 
0.741692 
0.741923 
0.742154 
0.742385 
0.742615 
0.742846 
0.743077 
0.743308 
0.743538 
0.743769 
0.744 
0.744231 
0.744462 
0.744692 
0.744923 
0.745154 
0.745385 
0.745615 
0.745846 
0.746077 
0.746308 
0.746538 
0.746769 
0.747 
0.747231 
0.747462 
0.747692 
0.747923 
0.748154 
0.748385 
0.748615 
0.748846 
0.749077 
0.749308 
0.749538 
0.749769 
0.75 
0.750231 
0.750462 
0.750692 
0.750923 
0.751154 
0.751385 
0.751615 
0.751846 
0.752077 
0.752308 
0.752538 
0.752769 
0.753 
0.753231 
0.753462 
0.753692 
0.753923 
0.754154 
0.754385 
0.754615 
0.754846 
0.755077 
0.755308 
0.755538 
0.755769 
0.756 
0.756231 
0.756462 
0.756692 
0.756923 
0.757154 
0.757385 
0.757615 
0.757846 
0.758077 
0.758308 
0.758538 
0.758769 
0.759 
0.759231 
0.759462 
0.759692 
0.759923 
0.760154 
0.760385 
0.760615 
0.760846 
0.761077 
0.761308 
0.761538 
0.761769 
0.762 
0.762231 
0.762462 
0.762692 
0.762923 
0.763154 
0.763385 
0.763615 
0.763846 
0.764077 
0.764308 
0.764538 
0.764769 
0.765 
0.765231 
0.765462 
0.765692 
0.765923 
0.766154 
0.766385 
0.766615 
0.766846 
0.767077 
0.767308 
0.767538 
0.767769 
0.768 
0.768231 
0.768462 
0.768692 
0.768923 
0.769154 
0.769385 
0.769615 
0.769846 
0.770077 
0.770308 
0.770538 
0.770769 
0.771 
0.771231 
0.771462 
0.771692 
0.771923 
0.772154 
0.772385 
0.772615 
0.772846 
0.773077 
0.773308 
0.773538 
0.773769 
0.774 
0.774231 
0.774462 
0.774692 
0.774923 
0.775154 
0.775385 
0.775615 
0.775846 
0.776077 
0.776308 
0.776538 
0.776769 
0.777 
0.777231 
0.777462 
0.777692 
0.777923 
0.778154 
0.778385 
0.778615 
0.778846 
0.779077 
0.779308 
0.779538 
0.779769 
0.78 
0.780231 
0.780462 
0.780692 
0.780923 
0.781154 
0.781385 
0.781615 
0.781846 
0.782077 
0.782308 
0.782538 
0.782769 
0.783 
0.783231 
0.783462 
0.783692 
0.783923 
0.784154 
0.784385 
0.784615 
0.784846 
0.785077 
0.785308 
0.785538 
0.785769 
0.786 
0.786231 
0.786462 
0.786692 
0.786923 
0.787154 
0.787385 
0.787615 
0.787846 
0.788077 
0.788308 
0.788538 
0.788769 
0.789 
0.789231 
0.789462 
0.789692 
0.789923 
0.790154 
0.790385 
0.790615 
0.790846 
0.791077 
0.791308 
0.791538 
0.791769 
0.792 
0.792231 
0.792462 
0.792692 
0.792923 
0.793154 
0.793385 
0.793615 
0.793846 
0.794077 
0.794308 
0.794538 
0.794769 
0.795 
0.795231 
0.795462 
0.795692 
0.795923 
0.796154 
0.796385 
0.796615 
0.796846 
0.797077 
0.797308 
0.797538 
0.797769 
0.798 
0.798231 
0.798462 
0.798692 
0.798923 
0.799154 
0.799385 
0.799615 
0.799846 
0.800077 
0.800308 
0.800538 
0.800769 
0.801 
0.801231 
0.801462 
0.801692 
0.801923 
0.802154 
0.802385 
0.802615 
0.802846 
0.803077 
0.803308 
0.803538 
0.803769 
0.804 
0.804231 
0.804462 
0.804692 
0.804923 
0.805154 
0.805385 
0.805615 
0.805846 
0.806077 
0.806308 
0.806538 
0.806769 
0.807 
0.807231 
0.807462 
0.807692 
0.807923 
0.808154 
0.808385 
0.808615 
0.808846 
0.809077 
0.809308 
0.809538 
0.809769 
0.81 
0.810231 
0.810462 
0.810692 
0.810923 
0.811154 
0.811385 
0.811615 
0.811846 
0.812077 
0.812308 
0.812538 
0.812769 
0.813 
0.813231 
0.813462 
0.813692 
0.813923 
0.814154 
0.814385 
0.814615 
0.814846 
0.815077 
0.815308 
0.815538 
0.815769 
0.816 
0.816231 
0.816462 
0.816692 
0.816923 
0.817154 
0.817385 
0.817615 
0.817846 
0.818077 
0.818308 
0.818538 
0.818769 
0.819 
0.819231 
0.819462 
0.819692 
0.819923 
0.820154 
0.820385 
0.820615 
0.820846 
0.821077 
0.821308 
0.821538 
0.821769 
0.822 
0.822231 
0.822462 
0.822692 
0.822923 
0.823154 
0.823385 
0.823615 
0.823846 
0.824077 
0.824308 
0.824538 
0.824769 
0.825 
0.825231 
0.825462 
0.825692 
0.825923 
0.826154 
0.826385 
0.826615 
0.826846 
0.827077 
0.827308 
0.827538 
0.827769 
0.828 
0.828231 
0.828462 
0.828692 
0.828923 
0.829154 
0.829385 
0.829615 
0.829846 
0.830077 
0.830308 
0.830538 
0.830769 
0.831 
0.831231 
0.831462 
0.831692 
0.831923 
0.832154 
0.832385 
0.832615 
0.832846 
0.833077 
0.833308 
0.833538 
0.833769 
0.834 
0.834231 
0.834462 
0.834692 
0.834923 
0.835154 
0.835385 
0.835615 
0.835846 
0.836077 
0.836308 
0.836538 
0.836769 
0.837 
0.837231 
0.837462 
0.837692 
0.837923 
0.838154 
0.838385 
0.838615 
0.838846 
0.839077 
0.839308 
0.839538 
0.839769 
0.84 
0.840231 
0.840462 
0.840692 
0.840923 
0.841154 
0.841385 
0.841615 
0.841846 
0.842077 
0.842308 
0.842538 
0.842769 
0.843 
0.843231 
0.843462 
0.843692 
0.843923 
0.844154 
0.844385 
0.844615 
0.844846 
0.845077 
0.845308 
0.845538 
0.845769 
0.846 
0.846231 
0.846462 
0.846692 
0.846923 
0.847154 
0.847385 
0.847615 
0.847846 
0.848077 
0.848308 
0.848538 
0.848769 
0.849 
0.849231 
0.849462 
0.849692 
0.849923 
0.850154 
0.850385 
0.850615 
0.850846 
0.851077 
0.851308 
0.851538 
0.851769 
0.852 
0.852231 
0.852462 
0.852692 
0.852923 
0.853154 
0.853385 
0.853615 
0.853846 
0.854077 
0.854308 
0.854538 
0.854769 
0.855 
0.855231 
0.855462 
0.855692 
0.855923 
0.856154 
0.856385 
0.856615 
0.856846 
0.857077 
0.857308 
0.857538 
0.857769 
0.858 
0.858231 
0.858462 
0.858692 
0.858923 
0.859154 
0.859385 
0.859615 
0.859846 
0.860077 
0.860308 
0.860538 
0.860769 
0.861 
0.861231 
0.861462 
0.861692 
0.861923 
0.862154 
0.862385 
0.862615 
0.862846 
0.863077 
0.863308 
0.863538 
0.863769 
0.864 
0.864231 
0.864462 
0.864692 
0.864923 
0.865154 
0.865385 
0.865615 
0.865846 
0.866077 
0.866308 
0.866538 
0.866769 
0.867 
0.867231 
0.867462 
0.867692 
0.867923 
0.868154 
0.868385 
0.868615 
0.868846 
0.869077 
0.869308 
0.869538 
0.869769 
0.87 
0.870231 
0.870462 
0.870692 
0.870923 
0.871154 
0.871385 
0.871615 
0.871846 
0.872077 
0.872308 
0.872538 
0.872769 
0.873 
0.873231 
0.873462 
0.873692 
0.873923 
0.874154 
0.874385 
0.874615 
0.874846 
0.875077 
0.875308 
0.875538 
0.875769 
0.876 
0.876231 
0.876462 
0.876692 
0.876923 
0.877154 
0.877385 
0.877615 
0.877846 
0.878077 
0.878308 
0.878538 
0.878769 
0.879 
0.879231 
0.879462 
0.879692 
0.879923 
0.880154 
0.880385 
0.880615 
0.880846 
0.881077 
0.881308 
0.881538 
0.881769 
0.882 
0.882231 
0.882462 
0.882692 
0.882923 
0.883154 
0.883385 
0.883615 
0.883846 
0.884077 
0.884308 
0.884538 
0.884769 
0.885 
0.885231 
0.885462 
0.885692 
0.885923 
0.886154 
0.886385 
0.886615 
0.886846 
0.887077 
0.887308 
0.887538 
0.887769 
0.888 
0.888231 
0.888462 
0.888692 
0.888923 
0.889154 
0.889385 
0.889615 
0.889846 
0.890077 
0.890308 
0.890538 
0.890769 
0.891 
0.891231 
0.891462 
0.891692 
0.891923 
0.892154 
0.892385 
0.892615 
0.892846 
0.893077 
0.893308 
0.893538 
0.893769 
0.894 
0.894231 
0.894462 
0.894692 
0.894923 
0.895154 
0.895385 
0.895615 
0.895846 
0.896077 
0.896308 
0.896538 
0.896769 
0.897 
0.897231 
0.897462 
0.897692 
0.897923 
0.898154 
0.898385 
0.898615 
0.898846 
0.899077 
0.899308 
0.899538 
0.899769 
0.9 
0 0.298831
0.015625 0.310382

0.015625 0.311852
0.0159572 0.3125

0.0140722 0.3125
0.015625 0.315195

0.015625 0.323005
0.0173077 0.328125

0.0160804 0.328125
0.0202611 0.34375

0.0210443 0.34375
0.0272121 0.359375

0.0272072 0.359375
0.03125 0.368925

0.03125 0.368974
0.033801 0.375

0.0338042 0.375
0.0409102 0.390625

0.0409059 0.390625
0.046875 0.402856

0.046875 0.402859
0.0485301 0.40625

0.048528 0.40625
0.0566881 0.421875

0.0566949 0.421875
0.0625 0.432291

0.0625 0.432347
0.0653719 0.4375

0.0653884 0.4375
0.074659 0.453125

0.0747134 0.453125
0.078125 0.458554

0.078125 0.458677
0.084477 0.46875

0.0845018 0.46875
0.09375 0.482565

0.09375 0.48258
0.094943 0.484375

0.0949541 0.484375
0.106045 0.5

0.106138 0.5
0.109375 0.504442

0.109375 0.504468
0.117768 0.515625

0.117851 0.515625
0.125 0.524697

0.125 0.524716
0.130176 0.53125

0.130244 0.53125
0.140625 0.543558

0.140625 0.543628
0.143409 0.546875

0.143416 0.546875
0.15625 0.561204

0.15625 0.561247
0.157399 0.5625

0.157396 0.5625
0.171875 0.577738

0.171875 0.577751
0.17224 0.578125

0.17224 0.578125
0.1875 0.593271

0.1875 0.593256
0.188013 0.59375

0.18802 0.59375
0.203125 0.607891

0.203125 0.607858
0.204805 0.609375

0.204821 0.609375
0.21875 0.621677

0.21875 0.621645
0.222729 0.625

0.222727 0.625
0.234375 0.634691

0.234375 0.634723
0.24193 0.640625

0.24182 0.640625
0.25 0.646969

0.25 0.647016
0.262364 0.65625

0.262334 0.65625
0.265625 0.658633

0.265625 0.658673
0.28125 0.66972

0.28125 0.669725
0.284515 0.671875

0.284479 0.671875
0.296875 0.680172

0.296875 0.680156
0.308465 0.6875

0.308403 0.6875
0.3125 0.690066

0.3125 0.690057
0.328125 0.699428

0.328125 0.699413
0.334668 0.703125

0.33464 0.703125
0.34375 0.708293

0.34375 0.708281
0.359375 0.716659

0.359375 0.716648
0.363526 0.71875

0.363507 0.71875
0.375 0.724569

0.375 0.724562
0.390625 0.732025

0.390625 0.732017
0.395868 0.734375

0.395851 0.734375
0.40625 0.739053

0.40625 0.739047
0.421875 0.745654

0.421875 0.745648
0.432844 0.75

0.432816 0.75
0.4375 0.751858

0.4375 0.751848
0.453125 0.757651

0.453125 0.757648
0.46875 0.763064

0.46875 0.76306
0.476705 0.765625

0.476691 0.765625
0.484375 0.768103

0.484375 0.768099
0.5 0.772767

0.5 0.772765
0.515625 0.777071

0.515625 0.77707
0.53125 0.781021

0.53125 0.781021
0.532245 0.78125

0.532245 0.78125
0.546875 0.784623

0.546875 0.784622
0.5625 0.78788

0.5625 0.787878
0.578125 0.790796

0.578125 0.790795
0.59375 0.793378

0.59375 0.793377
0.609375 0.79563

0.609375 0.795632
0.619463 0.796875

0.619513 0.796875
0.625 0.797551

0.625 0.797555
0.640625 0.799154

0.640625 0.799154
0.65625 0.80043

0.65625 0.800429
0.671875 0.801384

0.671875 0.801383
0.6875 0.802018

0.6875 0.802018
0.703125 0.802334

0.703125 0.802334
0.71875 0.802332

0.71875 0.802332
0.734375 0.802012

0.734375 0.802013
0.75 0.801375

1 0.746171
0.990199 0.75

0.75 0.801375
0.765625 0.800419

0.765625 0.80042
0.78125 0.799144

0.78125 0.799145
0.796875 0.797549

0.8125 0.795599
0.802105 0.796875

0.796875 0.797607
0.802834 0.796875

0.8125 0.795631
0.828125 0.793388

0.828125 0.793389
0.84375 0.790818

0.84375 0.790819
0.859375 0.787918

0.859375 0.787918
0.875 0.784683

0.890625 0.780945
0.889293 0.78125

0.890625 0.781112
0.90625 0.777195

0.875 0.784695
0.890062 0.78125

0.90625 0.777197
0.921875 0.772932

0.921875 0.772934
0.9375 0.768316

0.953125 0.763322
0.945897 0.765625

0.9375 0.768332
0.945996 0.765625

0.953125 0.763341
0.96875 0.757996

0.96875 0.757998
0.984375 0.752277

0.984375 0.752286
0.990227 0.75

1.49662 0
1.49648 0.015625

1.49648 0.015625
1.49603 0.03125

1.49603 0.03125
1.49529 0.046875

1.49529 0.046875
1.49425 0.0625

1.49425 0.0625
1.49291 0.078125

1.49291 0.078125
1.49128 0.09375

1.49128 0.09375
1.48933 0.109375

1.48933 0.109375
1.48709 0.125

1.48438 0.141494
1.48167 0.15625

1.48709 0.125
1.48453 0.140625

1.48438 0.141489
1.48453 0.140625

1.48167 0.15625
1.47849 0.171875

1.47849 0.171875
1.47499 0.1875

1.46875 0.212294
1.46704 0.21875

1.46703 0.21875
1.46255 0.234375

1.46255 0.234375
1.45772 0.25

1.475 0.1875
1.47117 0.203125

1.46875 0.212239
1.47117 0.203125

1.375 0.429539
1.37006 0.4375

1.32812 0.497262
1.32604 0.5

1.34375 0.476232
1.33787 0.484375

1.32812 0.497157
1.33784 0.484375

1.35938 0.453834
1.34913 0.46875

1.37005 0.4375
1.35986 0.453125

1.35938 0.453839
1.35985 0.453125

1.34375 0.476215
1.3491 0.46875

1.4375 0.306037
1.43491 0.3125

1.40625 0.374514
1.40601 0.375

1.42188 0.34242
1.42128 0.34375

1.4349 0.3125
1.42826 0.328125

1.42188 0.342302
1.42826 0.328125

1.42123 0.34375
1.4138 0.359375

1.40625 0.374384
1.4138 0.359375

1.45312 0.264003
1.45259 0.265625

1.45256 0.265625
1.44704 0.28125

1.45312 0.263897
1.45772 0.25

1.44704 0.28125
1.44115 0.296875

1.4375 0.30597
1.44114 0.296875

1.39062 0.403298
1.38897 0.40625

1.40595 0.375
1.39766 0.390625

1.39062 0.403194
1.39765 0.390625

1.38893 0.40625
1.37973 0.421875

1.375 0.429484
1.37972 0.421875

1 0.746178
1.01562 0.73968

1.03125 0.732777
1.02763 0.734375

1.01562 0.739683
1.02764 0.734375

1.0625 0.717735
1.06045 0.71875

1.03125 0.732784
1.04688 0.725467

1.04688 0.725468
1.06043 0.71875

1.125 0.682176
1.11635 0.6875

1.0625 0.717729
1.07812 0.709542

1.09375 0.700912
1.08975 0.703125

1.07812 0.709541
1.08972 0.703125

1.09375 0.700904
1.10938 0.691784

1.10938 0.691784
1.11634 0.6875

1.21875 0.612739
1.20417 0.625

1.25 0.584301
1.23989 0.59375

1.23438 0.598905
1.22255 0.609375

1.21875 0.612704
1.22259 0.609375

1.23438 0.598849
1.23994 0.59375

1.125 0.682177
1.14062 0.672046

1.15625 0.661383
1.14089 0.671875

1.14062 0.672047
1.14088 0.671875

1.17188 0.650158
1.16341 0.65625

1.1875 0.638346
1.1845 0.640625

1.17188 0.65015
1.18445 0.640625

1.15625 0.661355
1.16342 0.65625

1.1875 0.63833
1.20312 0.625864

1.20312 0.625858
1.20417 0.625

1.28125 0.55244
1.27182 0.5625

1.3125 0.516801
1.30032 0.53125

1.29688 0.535137
1.28646 0.546875

1.28125 0.552464
1.28638 0.546875

1.29688 0.535161
1.30028 0.53125

1.26562 0.568813
1.2563 0.578125

1.25 0.584253
1.25631 0.578125

1.26562 0.568813
1.27176 0.5625

1.32599 0.5
1.31348 0.515625

1.3125 0.516805
1.31347 0.515625

i = 3909 t = 0.9

# Quadtree, 3909 steps, 237.671 CPU, 221.8 real, 7.46e+04 points.step/s, 30 var
