0 0 0 0 0
0.1 0.00108809 0.117397 0.00223943 0.122313
0.2 0.00100814 0.087537 0.00226796 0.154048
0.3 0.00109762 0.0916459 0.00251749 0.120859
0.4 0.000949612 0.173852 0.00209466 0.129759
0.5 0.000927047 0.0694431 0.00197128 0.123456
0.6 0.000882706 0.0695465 0.0020322 0.1736
0.7 0.000861845 0.0672568 0.00201855 0.177171
0.8 0.000877393 0.126076 0.00194751 0.290529
0.9 0.00092715 0.0577597 0.00196669 0.123657
1 0.000999347 0.0651523 0.00208105 0.123085
1.1 0.00115668 0.0844249 0.00203968 0.122915
1.2 0.00113632 0.0729784 0.00205674 0.120403
1.3 0.000997451 0.0691394 0.0021072 0.149365
1.4 0.000937889 0.0842634 0.00222158 0.175018
1.5 0.00113759 0.0707889 0.00205834 0.120218
1.6 0.0011383 0.16952 0.00206896 0.122392
1.7 0.00117805 0.0729598 0.00205797 0.122798
1.8 0.00142097 0.0870875 0.00215191 0.122364
1.9 0.00120965 0.0765586 0.00199448 0.119724
2 0.00143508 0.0753379 0.0019825 0.120521
2.1 0.00128248 0.0792402 0.00201291 0.122978
2.2 0.00132982 0.153812 0.00208736 0.233471
2.3 0.00149343 0.102391 0.0020054 0.122443
2.4 0.00144963 0.0757444 0.0019941 0.123455
2.5 0.00154873 0.138472 0.00202786 0.153561
2.6 0.00152356 0.341922 0.00207983 0.345351
2.7 0.00129732 0.100043 0.00197345 0.116823
2.8 0.00132237 0.0794364 0.00175931 0.123178
2.9 0.00130291 0.053852 0.00191156 0.120656
3 0.00144137 0.0635684 0.00203201 0.118648
