2 0 -1 1
4 0.000378269 -1 1
3 0.00106023 -0.999998 1
2 0.00185669 -0.999999 1.00003
3 0.0026964 -1.00001 1.00004
3 0.00354348 -1.00002 1.00006
2 0.00439055 -1.00003 1.00008
2 0.00523763 -1.00005 1.0001
2 0.00608696 -1.00007 1.00012
2 0.00695652 -1.00009 1.00015
2 0.00782609 -1.00011 1.00017
2 0.00869565 -1.00013 1.0002
2 0.00956522 -1.00015 1.00022
2 0.0104348 -1.00017 1.00024
2 0.0113043 -1.00018 1.00027
2 0.0121739 -1.0002 1.00029
2 0.0130435 -1.00022 1.00031
2 0.013913 -1.00022 1.00033
2 0.0147826 -1.00024 1.00036
2 0.0156522 -1.00026 1.00038
2 0.0165217 -1.00028 1.0004
2 0.0173913 -1.00029 1.00042
2 0.0182609 -1.00031 1.00044
2 0.0191304 -1.00032 1.00046
2 0.02 -1.00033 1.00047
2 0.0208696 -1.00035 1.00049
2 0.0217391 -1.00037 1.00051
2 0.0226087 -1.00039 1.00052
2 0.0234783 -1.0004 1.00054
2 0.0243478 -1.00041 1.00056
2 0.0252174 -1.00043 1.00057
2 0.026087 -1.00045 1.00059
2 0.0269565 -1.00047 1.00061
2 0.0278261 -1.0005 1.00063
2 0.0286957 -1.00052 1.00064
2 0.0295652 -1.00053 1.00066
2 0.0304348 -1.00055 1.00068
2 0.0313043 -1.00056 1.00069
2 0.0321739 -1.00057 1.00071
2 0.0330435 -1.0006 1.00073
2 0.033913 -1.00062 1.00074
2 0.0347826 -1.00063 1.00076
2 0.0356522 -1.00065 1.00078
2 0.0365217 -1.00066 1.0008
2 0.0373913 -1.00068 1.00081
2 0.0382609 -1.0007 1.00083
2 0.0391304 -1.00071 1.00085
2 0.04 -1.00073 1.00087
2 0.0408696 -1.00075 1.00089
2 0.0417391 -1.00076 1.0009
2 0.0426087 -1.00078 1.00092
2 0.0434783 -1.00079 1.00094
2 0.0443478 -1.0008 1.00096
2 0.0452174 -1.00082 1.00098
2 0.046087 -1.00084 1.00099
2 0.0469565 -1.00085 1.00101
2 0.0478261 -1.00087 1.00103
2 0.0486957 -1.00089 1.00105
2 0.0495652 -1.0009 1.00107
2 0.0504348 -1.00091 1.00109
2 0.0513043 -1.00092 1.0011
2 0.0521739 -1.00093 1.00112
2 0.0530435 -1.00095 1.00114
2 0.053913 -1.00096 1.00117
2 0.0547826 -1.00097 1.00119
2 0.0556522 -1.00099 1.0012
2 0.0565217 -1.00101 1.00123
2 0.0573913 -1.00102 1.00125
2 0.0582609 -1.00104 1.00127
2 0.0591304 -1.00105 1.00128
2 0.06 -1.00105 1.0013
2 0.0608696 -1.00106 1.00132
2 0.0617391 -1.00106 1.00134
2 0.0626087 -1.00107 1.00136
2 0.0634783 -1.00107 1.00138
2 0.0643478 -1.00108 1.0014
2 0.0652174 -1.00109 1.00142
2 0.066087 -1.0011 1.00143
2 0.0669565 -1.00111 1.00145
2 0.0678261 -1.00113 1.00147
2 0.0686957 -1.00114 1.00148
2 0.0695652 -1.00115 1.0015
2 0.0704348 -1.00117 1.00152
2 0.0713043 -1.00118 1.00154
2 0.0721739 -1.0012 1.00156
2 0.0730435 -1.00121 1.00157
2 0.073913 -1.00122 1.00155
2 0.0747826 -1.00123 1.00155
2 0.0756522 -1.00124 1.00155
2 0.0765217 -1.00126 1.00155
2 0.0773913 -1.00127 1.00156
2 0.0782609 -1.00129 1.00157
2 0.0791304 -1.0013 1.00158
2 0.08 -1.00131 1.00159
2 0.0808696 -1.00133 1.0016
2 0.0817391 -1.00134 1.00161
2 0.0826087 -1.00135 1.00162
2 0.0834783 -1.00137 1.00163
2 0.0843478 -1.00139 1.00165
2 0.0852174 -1.0014 1.00166
2 0.086087 -1.00142 1.00168
2 0.0869565 -1.00143 1.00168
2 0.0878261 -1.00145 1.0017
2 0.0886957 -1.00146 1.00172
2 0.0895652 -1.00147 1.00174
2 0.0904348 -1.00149 1.00176
2 0.0913043 -1.0015 1.00178
2 0.0921739 -1.00151 1.0018
2 0.0930435 -1.00153 1.00182
2 0.093913 -1.00154 1.00184
2 0.0947826 -1.00155 1.00186
2 0.0956522 -1.00156 1.00188
2 0.0965217 -1.00157 1.00191
2 0.0973913 -1.00158 1.00193
2 0.0982609 -1.0016 1.00195
2 0.0991304 -1.00161 1.00197
2 0.1 -1.00163 1.00199
2 0.10087 -1.00165 1.00201
2 0.101739 -1.00166 1.00204
2 0.102609 -1.00167 1.00206
2 0.103478 -1.00169 1.00208
2 0.104348 -1.0017 1.00209
2 0.105217 -1.00172 1.00211
2 0.106087 -1.00172 1.00213
2 0.106957 -1.00174 1.00215
2 0.107826 -1.00175 1.00217
2 0.108696 -1.00177 1.00219
2 0.109565 -1.00178 1.00221
2 0.110435 -1.00179 1.00222
2 0.111304 -1.0018 1.00224
2 0.112174 -1.00182 1.00226
2 0.113043 -1.00183 1.00228
2 0.113913 -1.00184 1.0023
2 0.114783 -1.00186 1.00232
2 0.115652 -1.00186 1.00234
2 0.116522 -1.00188 1.00235
2 0.117391 -1.00189 1.00236
2 0.118261 -1.00191 1.00238
2 0.11913 -1.00192 1.0024
2 0.12 -1.00193 1.00242
2 0.12087 -1.00195 1.00243
2 0.121739 -1.00196 1.00245
2 0.122609 -1.00197 1.00247
2 0.123478 -1.00198 1.00249
2 0.124348 -1.002 1.00251
2 0.125217 -1.00201 1.00252
2 0.126087 -1.00202 1.00255
2 0.126957 -1.00204 1.00257
2 0.127826 -1.00205 1.00259
2 0.128696 -1.00207 1.00261
2 0.129565 -1.00209 1.00263
2 0.130435 -1.0021 1.00264
2 0.131304 -1.00212 1.00267
2 0.132174 -1.00213 1.00268
2 0.133043 -1.00214 1.0027
2 0.133913 -1.00215 1.00272
2 0.134783 -1.00217 1.00274
2 0.135652 -1.00218 1.00276
2 0.136522 -1.00219 1.00278
2 0.137391 -1.00221 1.0028
2 0.138261 -1.00222 1.00283
2 0.13913 -1.00224 1.00285
2 0.14 -1.00225 1.00287
2 0.14087 -1.00226 1.0029
2 0.141739 -1.00227 1.00292
2 0.142609 -1.00229 1.00294
2 0.143478 -1.0023 1.00297
2 0.144348 -1.00231 1.00298
2 0.145217 -1.00233 1.00301
2 0.146087 -1.00234 1.00303
2 0.146957 -1.00235 1.00304
2 0.147826 -1.00237 1.00307
2 0.148696 -1.00238 1.00309
2 0.149565 -1.0024 1.00311
2 0.150435 -1.00241 1.00313
2 0.151304 -1.00242 1.00315
2 0.152174 -1.00244 1.00317
2 0.153043 -1.00245 1.00319
2 0.153913 -1.00247 1.0032
2 0.154783 -1.00248 1.00322
2 0.155652 -1.0025 1.00324
2 0.156522 -1.00251 1.00326
2 0.157391 -1.00252 1.00328
2 0.158261 -1.00253 1.0033
2 0.15913 -1.00254 1.00332
2 0.16 -1.00256 1.00334
2 0.16087 -1.00257 1.00336
2 0.161739 -1.00259 1.00337
2 0.162609 -1.0026 1.00339
2 0.163478 -1.00261 1.00341
2 0.164348 -1.00262 1.00343
2 0.165217 -1.00264 1.00345
2 0.166087 -1.00265 1.00347
2 0.166957 -1.00266 1.00349
2 0.167826 -1.00267 1.00351
2 0.168696 -1.00268 1.00353
2 0.169565 -1.00269 1.00355
2 0.170435 -1.0027 1.00358
2 0.171304 -1.00272 1.00359
2 0.172174 -1.00273 1.00361
2 0.173043 -1.00274 1.00363
2 0.173913 -1.00276 1.00365
2 0.174783 -1.00278 1.00367
2 0.175652 -1.00279 1.00369
2 0.176522 -1.0028 1.00371
2 0.177391 -1.00282 1.00373
2 0.178261 -1.00283 1.00375
2 0.17913 -1.00285 1.00378
2 0.18 -1.00287 1.0038
2 0.18087 -1.00288 1.00382
2 0.181739 -1.00289 1.00384
2 0.182609 -1.00291 1.00386
2 0.183478 -1.00292 1.00388
2 0.184348 -1.00293 1.0039
2 0.185217 -1.00295 1.00396
2 0.186087 -1.00297 1.00404
2 0.186957 -1.00299 1.0041
2 0.187826 -1.00301 1.00414
2 0.188696 -1.00303 1.00419
2 0.189565 -1.00304 1.00422
2 0.190435 -1.00306 1.00426
2 0.191304 -1.00308 1.00429
2 0.192174 -1.0031 1.00432
2 0.193043 -1.00311 1.00435
2 0.193913 -1.00313 1.00437
2 0.194783 -1.00315 1.0044
2 0.195652 -1.00316 1.00442
2 0.196522 -1.00317 1.00445
2 0.197391 -1.00319 1.00448
2 0.198261 -1.0032 1.00451
2 0.19913 -1.00322 1.00453
2 0.2 -1.00323 1.00456
2 0.20087 -1.00325 1.00458
2 0.201739 -1.00326 1.00461
2 0.202609 -1.00327 1.00463
2 0.203478 -1.00329 1.00465
2 0.204348 -1.00331 1.00468
2 0.205217 -1.00332 1.0047
2 0.206087 -1.00334 1.00472
2 0.206957 -1.00336 1.00474
2 0.207826 -1.00337 1.00477
2 0.208696 -1.00339 1.00479
2 0.209565 -1.0034 1.00481
2 0.210435 -1.00342 1.00483
2 0.211304 -1.00343 1.00486
2 0.212174 -1.00345 1.00488
2 0.213043 -1.00347 1.0049
2 0.213913 -1.00348 1.00492
2 0.214783 -1.0035 1.00494
2 0.215652 -1.00351 1.00497
2 0.216522 -1.00353 1.00499
2 0.217391 -1.00355 1.00501
2 0.218261 -1.00356 1.00503
2 0.21913 -1.00358 1.00505
2 0.22 -1.0036 1.00507
2 0.22087 -1.00362 1.00509
2 0.221739 -1.00364 1.00511
2 0.222609 -1.00365 1.00513
2 0.223478 -1.00368 1.00515
2 0.224348 -1.0037 1.00517
2 0.225217 -1.00371 1.00519
2 0.226087 -1.00373 1.00521
2 0.226957 -1.00374 1.00523
2 0.227826 -1.00376 1.00525
2 0.228696 -1.00378 1.00527
2 0.229565 -1.0038 1.00529
2 0.230435 -1.00381 1.00531
2 0.231304 -1.00383 1.00533
2 0.232174 -1.00385 1.00535
2 0.233043 -1.00386 1.00537
2 0.233913 -1.00388 1.00539
2 0.234783 -1.00389 1.00541
2 0.235652 -1.00392 1.00543
2 0.236522 -1.004 1.00544
2 0.237391 -1.00406 1.00546
2 0.238261 -1.00411 1.00548
2 0.23913 -1.00414 1.0055
2 0.24 -1.00418 1.00551
2 0.24087 -1.00421 1.00553
2 0.241739 -1.00423 1.00554
2 0.242609 -1.00426 1.00556
2 0.243478 -1.00428 1.00557
2 0.244348 -1.0043 1.00559
2 0.245217 -1.00432 1.0056
2 0.246087 -1.00435 1.00562
2 0.246957 -1.00437 1.00563
2 0.247826 -1.00439 1.00565
2 0.248696 -1.00441 1.00566
2 0.249565 -1.00443 1.00568
2 0.250435 -1.00444 1.00569
2 0.251304 -1.00446 1.00571
2 0.252174 -1.00448 1.00573
2 0.253043 -1.0045 1.00574
2 0.253913 -1.00452 1.00575
2 0.254783 -1.00453 1.00577
2 0.255652 -1.00455 1.00578
2 0.256522 -1.00457 1.00579
2 0.257391 -1.00459 1.00581
2 0.258261 -1.00461 1.00582
2 0.25913 -1.00463 1.00583
2 0.26 -1.00465 1.00584
2 0.26087 -1.00466 1.00586
2 0.261739 -1.00468 1.00587
2 0.262609 -1.0047 1.00588
2 0.263478 -1.00472 1.00589
2 0.264348 -1.00473 1.00591
2 0.265217 -1.00475 1.00592
2 0.266087 -1.00476 1.00593
2 0.266957 -1.00478 1.00594
2 0.267826 -1.00479 1.00595
2 0.268696 -1.00481 1.00596
2 0.269565 -1.00482 1.00597
2 0.270435 -1.00483 1.00599
2 0.271304 -1.00485 1.006
2 0.272174 -1.00486 1.00601
2 0.273043 -1.00488 1.00602
2 0.273913 -1.00489 1.00604
2 0.274783 -1.00491 1.00605
2 0.275652 -1.00492 1.00606
2 0.276522 -1.00494 1.00607
2 0.277391 -1.00495 1.00609
2 0.278261 -1.00497 1.0061
2 0.27913 -1.00498 1.00611
2 0.28 -1.005 1.00613
2 0.28087 -1.00502 1.00614
2 0.281739 -1.00503 1.00616
2 0.282609 -1.00505 1.00617
2 0.283478 -1.00506 1.00619
2 0.284348 -1.00507 1.0062
2 0.285217 -1.00508 1.00622
2 0.286087 -1.0051 1.00623
2 0.286957 -1.00511 1.00625
2 0.287826 -1.00512 1.00626
2 0.288696 -1.00514 1.00627
2 0.289565 -1.00515 1.00629
2 0.290435 -1.00517 1.00631
2 0.291304 -1.00518 1.00632
2 0.292174 -1.0052 1.00633
2 0.293043 -1.00521 1.00635
2 0.293913 -1.00522 1.00636
2 0.294783 -1.00524 1.00637
2 0.295652 -1.00525 1.00639
2 0.296522 -1.00526 1.0064
2 0.297391 -1.00527 1.00641
2 0.298261 -1.00529 1.00643
2 0.29913 -1.0053 1.00644
2 0.3 -1.00531 1.00646
2 0.30087 -1.00533 1.00647
2 0.301739 -1.00534 1.00648
2 0.302609 -1.00535 1.0065
2 0.303478 -1.00536 1.00651
2 0.304348 -1.00537 1.00652
2 0.305217 -1.00538 1.00654
2 0.306087 -1.0054 1.00655
2 0.306957 -1.0054 1.00656
2 0.307826 -1.00542 1.00657
2 0.308696 -1.00543 1.00658
2 0.309565 -1.00544 1.0066
2 0.310435 -1.00545 1.00661
2 0.311304 -1.00546 1.00662
2 0.312174 -1.00547 1.00664
2 0.313043 -1.00548 1.00665
2 0.313913 -1.00549 1.00666
2 0.314783 -1.0055 1.00667
2 0.315652 -1.00551 1.00669
2 0.316522 -1.00552 1.0067
2 0.317391 -1.00553 1.00671
2 0.318261 -1.00554 1.00672
2 0.31913 -1.00554 1.00673
2 0.32 -1.00555 1.00674
2 0.32087 -1.00556 1.00675
2 0.321739 -1.00556 1.00676
2 0.322609 -1.00557 1.00677
2 0.323478 -1.00558 1.00678
2 0.324348 -1.00559 1.00679
2 0.325217 -1.00559 1.0068
2 0.326087 -1.0056 1.00681
2 0.326957 -1.00561 1.00682
2 0.327826 -1.00562 1.00683
2 0.328696 -1.00562 1.00685
2 0.329565 -1.00563 1.00686
2 0.330435 -1.00564 1.00687
2 0.331304 -1.00565 1.00688
2 0.332174 -1.00566 1.00689
2 0.333043 -1.00566 1.0069
2 0.333913 -1.00567 1.00691
2 0.334783 -1.00567 1.00693
2 0.335652 -1.00568 1.00694
2 0.336522 -1.00569 1.00695
2 0.337391 -1.00569 1.00696
2 0.338261 -1.00569 1.00697
2 0.33913 -1.0057 1.00698
2 0.34 -1.0057 1.00699
2 0.34087 -1.00571 1.007
2 0.341739 -1.00571 1.00701
2 0.342609 -1.00572 1.00702
2 0.343478 -1.00572 1.00703
2 0.344348 -1.00573 1.00704
2 0.345217 -1.00573 1.00705
2 0.346087 -1.00574 1.00706
2 0.346957 -1.00574 1.00706
2 0.347826 -1.00575 1.00707
2 0.348696 -1.00575 1.00708
2 0.349565 -1.00576 1.00709
2 0.350435 -1.00576 1.0071
2 0.351304 -1.00577 1.0071
2 0.352174 -1.00578 1.00711
2 0.353043 -1.00578 1.00712
2 0.353913 -1.00579 1.00713
2 0.354783 -1.00579 1.00714
2 0.355652 -1.0058 1.00714
2 0.356522 -1.0058 1.00715
2 0.357391 -1.0058 1.00716
2 0.358261 -1.00581 1.00717
2 0.35913 -1.00581 1.00718
2 0.36 -1.00582 1.00719
2 0.36087 -1.00582 1.0072
2 0.361739 -1.00582 1.00721
2 0.362609 -1.00582 1.00722
2 0.363478 -1.00583 1.00723
2 0.364348 -1.00583 1.00724
2 0.365217 -1.00583 1.00725
2 0.366087 -1.00584 1.00726
2 0.366957 -1.00584 1.00727
2 0.367826 -1.00584 1.00728
2 0.368696 -1.00584 1.0073
2 0.369565 -1.00585 1.00731
2 0.370435 -1.00585 1.00732
2 0.371304 -1.00586 1.00733
2 0.372174 -1.00586 1.00734
2 0.373043 -1.00587 1.00735
2 0.373913 -1.00587 1.00736
2 0.374783 -1.00588 1.00738
2 0.375652 -1.00588 1.00739
2 0.376522 -1.00589 1.0074
2 0.377391 -1.00589 1.00741
2 0.378261 -1.00589 1.00742
2 0.37913 -1.0059 1.00744
2 0.38 -1.0059 1.00745
2 0.38087 -1.00591 1.00746
2 0.381739 -1.00591 1.00747
2 0.382609 -1.00592 1.00748
2 0.383478 -1.00592 1.00749
2 0.384348 -1.00593 1.0075
2 0.385217 -1.00594 1.00752
2 0.386087 -1.00594 1.00753
2 0.386957 -1.00595 1.00754
2 0.387826 -1.00595 1.00755
2 0.388696 -1.00596 1.00756
2 0.389565 -1.00596 1.00757
2 0.390435 -1.00597 1.00758
2 0.391304 -1.00597 1.00759
2 0.392174 -1.00597 1.0076
2 0.393043 -1.00598 1.00761
2 0.393913 -1.00598 1.00762
2 0.394783 -1.00599 1.00763
2 0.395652 -1.00599 1.00764
2 0.396522 -1.006 1.00765
2 0.397391 -1.006 1.00766
2 0.398261 -1.006 1.00767
2 0.39913 -1.00601 1.00768
2 0.4 -1.00602 1.00769
2 0.40087 -1.00602 1.0077
2 0.401739 -1.00602 1.00772
2 0.402609 -1.00603 1.00773
2 0.403478 -1.00604 1.00774
2 0.404348 -1.00604 1.00775
2 0.405217 -1.00605 1.00776
2 0.406087 -1.00605 1.00777
2 0.406957 -1.00606 1.00779
2 0.407826 -1.00606 1.0078
2 0.408696 -1.00607 1.00781
3 0.409565 -1.00608 1.00781
2 0.410435 -1.00609 1.00783
2 0.411304 -1.00609 1.00785
2 0.412174 -1.0061 1.00786
2 0.413043 -1.00611 1.00787
2 0.413913 -1.00612 1.00789
2 0.414783 -1.00612 1.0079
2 0.415652 -1.00613 1.00791
2 0.416522 -1.00614 1.00792
2 0.417391 -1.00615 1.00793
2 0.418261 -1.00615 1.00794
2 0.41913 -1.00616 1.00795
2 0.42 -1.00617 1.00796
2 0.42087 -1.00618 1.00797
2 0.421739 -1.00619 1.00798
2 0.422609 -1.0062 1.00799
2 0.423478 -1.00621 1.00801
2 0.424348 -1.00622 1.00802
2 0.425217 -1.00623 1.00803
2 0.426087 -1.00624 1.00804
2 0.426957 -1.00625 1.00805
2 0.427826 -1.00626 1.00807
2 0.428696 -1.00626 1.00808
2 0.429565 -1.00627 1.00809
2 0.430435 -1.00629 1.0081
2 0.431304 -1.0063 1.00811
2 0.432174 -1.0063 1.00813
2 0.433043 -1.00632 1.00814
2 0.433913 -1.00633 1.00815
2 0.434783 -1.00634 1.00817
2 0.435652 -1.00635 1.00818
2 0.436522 -1.00636 1.00819
2 0.437391 -1.00637 1.00821
2 0.438261 -1.00639 1.00822
2 0.43913 -1.0064 1.00823
2 0.44 -1.00642 1.00824
2 0.44087 -1.00643 1.00825
2 0.441739 -1.00644 1.00826
2 0.442609 -1.00646 1.00827
2 0.443478 -1.00647 1.00828
2 0.444348 -1.00649 1.00829
2 0.445217 -1.0065 1.0083
2 0.446087 -1.00652 1.00832
2 0.446957 -1.00654 1.00833
2 0.447826 -1.00655 1.00835
2 0.448696 -1.00657 1.00836
2 0.449565 -1.00658 1.00837
2 0.450435 -1.00659 1.00839
2 0.451304 -1.00661 1.0084
2 0.452174 -1.00663 1.00842
2 0.453043 -1.00665 1.00843
2 0.453913 -1.00667 1.00845
2 0.454783 -1.00669 1.00846
2 0.455652 -1.00671 1.00847
2 0.456522 -1.00672 1.00848
2 0.457391 -1.00674 1.0085
2 0.458261 -1.00676 1.00851
2 0.45913 -1.00678 1.00852
2 0.46 -1.00679 1.00853
2 0.46087 -1.00681 1.00854
2 0.461739 -1.00683 1.00855
2 0.462609 -1.00685 1.00855
2 0.463478 -1.00687 1.00856
2 0.464348 -1.00688 1.00857
2 0.465217 -1.0069 1.00858
2 0.466087 -1.00692 1.0086
2 0.466957 -1.00694 1.00861
2 0.467826 -1.00696 1.00862
2 0.468696 -1.00697 1.00863
2 0.469565 -1.00699 1.00863
2 0.470435 -1.007 1.00864
2 0.471304 -1.00702 1.00866
2 0.472174 -1.00704 1.00867
2 0.473043 -1.00706 1.00868
2 0.473913 -1.00708 1.00869
2 0.474783 -1.00709 1.00869
2 0.475652 -1.00711 1.0087
2 0.476522 -1.00713 1.00871
2 0.477391 -1.00715 1.00873
2 0.478261 -1.00718 1.00875
2 0.47913 -1.0072 1.00877
2 0.48 -1.00722 1.00878
2 0.48087 -1.00724 1.0088
2 0.481739 -1.00726 1.00881
2 0.482609 -1.00729 1.00882
2 0.483478 -1.00731 1.00883
2 0.484348 -1.00734 1.00885
2 0.485217 -1.00736 1.00886
2 0.486087 -1.00738 1.00888
2 0.486957 -1.0074 1.00891
2 0.487826 -1.00742 1.00893
2 0.488696 -1.00745 1.00894
2 0.489565 -1.00747 1.00895
2 0.490435 -1.00749 1.00897
2 0.491304 -1.00751 1.00898
2 0.492174 -1.00754 1.009
2 0.493043 -1.00756 1.00902
2 0.493913 -1.00758 1.00903
2 0.494783 -1.00761 1.00904
2 0.495652 -1.00763 1.00905
2 0.496522 -1.00766 1.00906
2 0.497391 -1.00768 1.00907
2 0.498261 -1.0077 1.00909
2 0.49913 -1.00773 1.00911
2 0.5 -1.00775 1.00912
2 0.50087 -1.00777 1.00913
2 0.501739 -1.00779 1.00915
3 0.502609 -1.00782 1.00916
2 0.503478 -1.00784 1.00918
2 0.504348 -1.00786 1.00919
2 0.505217 -1.00789 1.00921
2 0.506087 -1.00792 1.00921
2 0.506957 -1.00794 1.00922
2 0.507826 -1.00797 1.00924
2 0.508696 -1.00799 1.00925
2 0.509565 -1.00802 1.00926
2 0.510435 -1.00804 1.00928
2 0.511304 -1.00807 1.00929
2 0.512174 -1.00809 1.00931
2 0.513043 -1.00811 1.00932
2 0.513913 -1.00814 1.00933
2 0.514783 -1.00817 1.00934
2 0.515652 -1.0082 1.00936
2 0.516522 -1.00822 1.00937
2 0.517391 -1.00825 1.00939
2 0.518261 -1.00827 1.00941
2 0.51913 -1.0083 1.00942
2 0.52 -1.00832 1.00943
2 0.52087 -1.00834 1.00945
2 0.521739 -1.00836 1.00946
2 0.522609 -1.00838 1.00948
2 0.523478 -1.0084 1.00949
2 0.524348 -1.00842 1.0095
2 0.525217 -1.00844 1.00951
2 0.526087 -1.00846 1.00952
2 0.526957 -1.00848 1.00953
2 0.527826 -1.00849 1.00954
2 0.528696 -1.00851 1.00956
2 0.529565 -1.00853 1.00958
2 0.530435 -1.00855 1.00959
2 0.531304 -1.00857 1.0096
2 0.532174 -1.00858 1.00962
2 0.533043 -1.0086 1.00963
2 0.533913 -1.00861 1.00963
2 0.534783 -1.00863 1.00964
2 0.535652 -1.00864 1.00966
2 0.536522 -1.00866 1.00967
2 0.537391 -1.00868 1.00968
2 0.538261 -1.0087 1.00969
2 0.53913 -1.00872 1.0097
2 0.54 -1.00874 1.00971
2 0.54087 -1.00875 1.00972
2 0.541739 -1.00877 1.00973
2 0.542609 -1.00879 1.00975
2 0.543478 -1.00881 1.00976
2 0.544348 -1.00883 1.00977
2 0.545217 -1.00884 1.00978
2 0.546087 -1.00886 1.0098
2 0.546957 -1.00887 1.00981
2 0.547826 -1.00889 1.00983
2 0.548696 -1.00891 1.00984
2 0.549565 -1.00893 1.00986
2 0.550435 -1.00894 1.00987
2 0.551304 -1.00896 1.00989
2 0.552174 -1.00897 1.0099
2 0.553043 -1.00898 1.00991
2 0.553913 -1.009 1.00992
2 0.554783 -1.00901 1.00994
2 0.555652 -1.00902 1.00995
2 0.556522 -1.00903 1.00997
2 0.557391 -1.00904 1.00999
2 0.558261 -1.00905 1.01001
2 0.55913 -1.00907 1.01003
2 0.56 -1.00908 1.01004
2 0.56087 -1.0091 1.01005
2 0.561739 -1.00911 1.01007
2 0.562609 -1.00913 1.01008
2 0.563478 -1.00914 1.01009
2 0.564348 -1.00916 1.01012
2 0.565217 -1.00917 1.01013
2 0.566087 -1.00919 1.01015
2 0.566957 -1.00919 1.01017
2 0.567826 -1.0092 1.01018
2 0.568696 -1.00921 1.01019
2 0.569565 -1.00922 1.01021
2 0.570435 -1.00924 1.01023
2 0.571304 -1.00925 1.01024
2 0.572174 -1.00925 1.01026
2 0.573043 -1.00926 1.01028
2 0.573913 -1.00928 1.0103
2 0.574783 -1.00929 1.01032
2 0.575652 -1.0093 1.01033
2 0.576522 -1.00931 1.01036
2 0.577391 -1.00932 1.01038
2 0.578261 -1.00933 1.0104
2 0.57913 -1.00934 1.01041
2 0.58 -1.00935 1.01043
2 0.58087 -1.00936 1.01045
2 0.581739 -1.00937 1.01047
2 0.582609 -1.00938 1.01048
2 0.583478 -1.00939 1.01049
2 0.584348 -1.00941 1.01051
2 0.585217 -1.00942 1.01053
2 0.586087 -1.00944 1.01056
2 0.586957 -1.00945 1.01057
2 0.587826 -1.00946 1.01059
2 0.588696 -1.00947 1.0106
2 0.589565 -1.00949 1.01062
2 0.590435 -1.0095 1.01063
2 0.591304 -1.0095 1.01065
2 0.592174 -1.00952 1.01067
2 0.593043 -1.00953 1.01069
2 0.593913 -1.00955 1.01071
2 0.594783 -1.00956 1.01073
2 0.595652 -1.00957 1.01075
2 0.596522 -1.00959 1.01077
2 0.597391 -1.0096 1.0108
2 0.598261 -1.00961 1.01082
2 0.59913 -1.00962 1.01083
2 0.6 -1.00963 1.01085
2 0.60087 -1.00965 1.01088
2 0.601739 -1.00966 1.01089
2 0.602609 -1.00968 1.01092
2 0.603478 -1.00969 1.01094
2 0.604348 -1.00971 1.01096
2 0.605217 -1.00972 1.01098
2 0.606087 -1.00974 1.011
2 0.606957 -1.00975 1.01102
2 0.607826 -1.00977 1.01104
2 0.608696 -1.00978 1.01105
2 0.609565 -1.0098 1.01107
2 0.610435 -1.00981 1.0111
2 0.611304 -1.00983 1.01111
2 0.612174 -1.00985 1.01113
2 0.613043 -1.00985 1.01115
2 0.613913 -1.00986 1.01117
2 0.614783 -1.00987 1.01119
2 0.615652 -1.00988 1.01122
2 0.616522 -1.00989 1.01123
2 0.617391 -1.00991 1.01125
2 0.618261 -1.00992 1.01127
2 0.61913 -1.00993 1.01128
2 0.62 -1.00995 1.0113
2 0.62087 -1.00996 1.01132
2 0.621739 -1.00997 1.01134
2 0.622609 -1.00998 1.01136
2 0.623478 -1.01 1.01138
2 0.624348 -1.01001 1.01139
2 0.625217 -1.01002 1.01141
2 0.626087 -1.01003 1.01143
2 0.626957 -1.01005 1.01145
2 0.627826 -1.01006 1.01147
2 0.628696 -1.01007 1.0115
2 0.629565 -1.01008 1.01151
2 0.630435 -1.0101 1.01153
2 0.631304 -1.01011 1.01155
2 0.632174 -1.01012 1.01156
2 0.633043 -1.01013 1.01158
2 0.633913 -1.01014 1.01159
2 0.634783 -1.01015 1.01161
2 0.635652 -1.01016 1.01163
2 0.636522 -1.01018 1.01165
2 0.637391 -1.01019 1.01167
2 0.638261 -1.01021 1.01169
2 0.63913 -1.01022 1.01171
2 0.64 -1.01023 1.01174
2 0.64087 -1.01023 1.0118
2 0.641739 -1.01025 1.01184
2 0.642609 -1.01026 1.01188
2 0.643478 -1.01028 1.01192
2 0.644348 -1.01028 1.01195
2 0.645217 -1.0103 1.01198
2 0.646087 -1.01031 1.012
2 0.646957 -1.01032 1.01203
2 0.647826 -1.01034 1.01205
2 0.648696 -1.01035 1.01207
2 0.649565 -1.01037 1.01209
2 0.650435 -1.01038 1.01211
2 0.651304 -1.0104 1.01213
2 0.652174 -1.01041 1.01215
2 0.653043 -1.01042 1.01216
2 0.653913 -1.01043 1.01218
2 0.654783 -1.01045 1.01219
2 0.655652 -1.01046 1.0122
2 0.656522 -1.01048 1.01222
2 0.657391 -1.01049 1.01222
2 0.658261 -1.0105 1.01223
2 0.65913 -1.01052 1.01224
2 0.66 -1.01052 1.01226
2 0.66087 -1.01054 1.01227
2 0.661739 -1.01055 1.01228
2 0.662609 -1.01056 1.01229
2 0.663478 -1.01058 1.0123
2 0.664348 -1.01059 1.01232
2 0.665217 -1.0106 1.01233
2 0.666087 -1.01062 1.01234
2 0.666957 -1.01063 1.01236
2 0.667826 -1.01064 1.01238
2 0.668696 -1.01065 1.01239
2 0.669565 -1.01067 1.01241
2 0.670435 -1.01069 1.01242
2 0.671304 -1.0107 1.01244
2 0.672174 -1.01071 1.01245
2 0.673043 -1.01072 1.01246
2 0.673913 -1.01074 1.01248
2 0.674783 -1.01075 1.01249
2 0.675652 -1.01076 1.0125
2 0.676522 -1.01077 1.01252
2 0.677391 -1.01078 1.01253
2 0.678261 -1.01079 1.01255
2 0.67913 -1.0108 1.01257
2 0.68 -1.01082 1.01258
2 0.68087 -1.01083 1.0126
2 0.681739 -1.01085 1.01262
2 0.682609 -1.01086 1.01263
2 0.683478 -1.01087 1.01264
2 0.684348 -1.01088 1.01266
2 0.685217 -1.01089 1.01267
2 0.686087 -1.0109 1.01268
2 0.686957 -1.0109 1.0127
2 0.687826 -1.01092 1.01271
2 0.688696 -1.01093 1.01273
2 0.689565 -1.01094 1.01274
2 0.690435 -1.01095 1.01275
2 0.691304 -1.01097 1.01277
2 0.692174 -1.01098 1.01279
2 0.693043 -1.01099 1.0128
2 0.693913 -1.011 1.01282
2 0.694783 -1.01101 1.01283
2 0.695652 -1.01102 1.01284
2 0.696522 -1.01103 1.01286
2 0.697391 -1.01104 1.01287
2 0.698261 -1.01106 1.01288
2 0.69913 -1.01107 1.0129
2 0.7 -1.01108 1.01291
2 0.70087 -1.01109 1.01292
2 0.701739 -1.01111 1.01294
2 0.702609 -1.01111 1.01295
2 0.703478 -1.01112 1.01296
2 0.704348 -1.01113 1.01298
2 0.705217 -1.01114 1.01299
2 0.706087 -1.01115 1.013
2 0.706957 -1.01116 1.01301
2 0.707826 -1.01117 1.01303
2 0.708696 -1.01118 1.01304
2 0.709565 -1.01119 1.01306
2 0.710435 -1.0112 1.01307
2 0.711304 -1.01121 1.01309
2 0.712174 -1.01122 1.0131
2 0.713043 -1.01124 1.01311
2 0.713913 -1.01126 1.01313
2 0.714783 -1.01127 1.01314
2 0.715652 -1.01129 1.01315
2 0.716522 -1.01131 1.01317
2 0.717391 -1.01132 1.01318
2 0.718261 -1.01133 1.01319
2 0.71913 -1.01135 1.01321
2 0.72 -1.01137 1.01323
2 0.72087 -1.01138 1.01324
2 0.721739 -1.0114 1.01326
2 0.722609 -1.01142 1.01328
2 0.723478 -1.01143 1.0133
2 0.724348 -1.01145 1.01331
2 0.725217 -1.01146 1.01333
2 0.726087 -1.01147 1.01335
2 0.726957 -1.01149 1.01337
2 0.727826 -1.0115 1.01339
2 0.728696 -1.01151 1.0134
2 0.729565 -1.01153 1.01342
2 0.730435 -1.01154 1.01344
2 0.731304 -1.01156 1.01346
2 0.732174 -1.01158 1.01348
2 0.733043 -1.01159 1.0135
2 0.733913 -1.0116 1.01352
2 0.734783 -1.01162 1.01354
2 0.735652 -1.01163 1.01355
2 0.736522 -1.01165 1.01357
2 0.737391 -1.01166 1.01359
2 0.738261 -1.01168 1.01361
2 0.73913 -1.01169 1.01362
2 0.74 -1.01171 1.01364
2 0.74087 -1.01173 1.01366
2 0.741739 -1.01179 1.01368
2 0.742609 -1.01184 1.01369
2 0.743478 -1.01188 1.01371
2 0.744348 -1.01192 1.01373
2 0.745217 -1.01195 1.01375
2 0.746087 -1.01197 1.01377
2 0.746957 -1.01199 1.01379
2 0.747826 -1.01202 1.01382
2 0.748696 -1.01204 1.01384
2 0.749565 -1.01205 1.01386
2 0.750435 -1.01207 1.01388
2 0.751304 -1.01208 1.0139
2 0.752174 -1.01209 1.01391
2 0.753043 -1.0121 1.01393
2 0.753913 -1.01211 1.01396
2 0.754783 -1.01212 1.01397
2 0.755652 -1.01213 1.01399
2 0.756522 -1.01214 1.01401
2 0.757391 -1.01215 1.01402
2 0.758261 -1.01216 1.01404
2 0.75913 -1.01217 1.01406
2 0.76 -1.01217 1.01407
2 0.76087 -1.01218 1.01409
2 0.761739 -1.01218 1.01411
2 0.762609 -1.01219 1.01413
2 0.763478 -1.0122 1.01415
2 0.764348 -1.0122 1.01417
2 0.765217 -1.01221 1.01419
2 0.766087 -1.01222 1.01421
2 0.766957 -1.01223 1.01422
2 0.767826 -1.01223 1.01424
2 0.768696 -1.01224 1.01425
2 0.769565 -1.01225 1.01428
2 0.770435 -1.01226 1.01429
2 0.771304 -1.01227 1.01431
2 0.772174 -1.01228 1.01433
2 0.773043 -1.01229 1.01434
2 0.773913 -1.0123 1.01436
2 0.774783 -1.0123 1.01438
2 0.775652 -1.01231 1.0144
2 0.776522 -1.01232 1.01441
2 0.777391 -1.01233 1.01443
2 0.778261 -1.01234 1.01445
2 0.77913 -1.01235 1.01447
2 0.78 -1.01236 1.01449
2 0.78087 -1.01237 1.0145
2 0.781739 -1.01238 1.01452
2 0.782609 -1.01239 1.01454
2 0.783478 -1.0124 1.01456
2 0.784348 -1.0124 1.01458
2 0.785217 -1.01241 1.0146
2 0.786087 -1.01242 1.01462
2 0.786957 -1.01243 1.01463
2 0.787826 -1.01244 1.01465
2 0.788696 -1.01245 1.01467
2 0.789565 -1.01246 1.01469
2 0.790435 -1.01247 1.0147
2 0.791304 -1.01248 1.01472
2 0.792174 -1.01249 1.01474
2 0.793043 -1.01249 1.01476
2 0.793913 -1.0125 1.01478
2 0.794783 -1.01251 1.01479
2 0.795652 -1.01252 1.01481
2 0.796522 -1.01253 1.01483
2 0.797391 -1.01254 1.01485
2 0.798261 -1.01256 1.01486
2 0.79913 -1.01257 1.01488
2 0.8 -1.01258 1.0149
2 0.80087 -1.01259 1.01492
2 0.801739 -1.01261 1.01493
2 0.802609 -1.01262 1.01495
2 0.803478 -1.01263 1.01497
2 0.804348 -1.01264 1.01498
2 0.805217 -1.01266 1.015
2 0.806087 -1.01268 1.01502
2 0.806957 -1.01269 1.01504
2 0.807826 -1.01271 1.01506
2 0.808696 -1.01272 1.01507
2 0.809565 -1.01273 1.01509
2 0.810435 -1.01274 1.01511
2 0.811304 -1.01274 1.01513
2 0.812174 -1.01275 1.01515
2 0.813043 -1.01276 1.01517
2 0.813913 -1.01278 1.01519
2 0.814783 -1.01279 1.0152
2 0.815652 -1.0128 1.01522
2 0.816522 -1.01281 1.01524
2 0.817391 -1.01282 1.01526
2 0.818261 -1.01283 1.01527
2 0.81913 -1.01285 1.01529
2 0.82 -1.01286 1.01531
2 0.82087 -1.01287 1.01532
2 0.821739 -1.01288 1.01535
2 0.822609 -1.01289 1.01536
2 0.823478 -1.0129 1.01538
2 0.824348 -1.01291 1.0154
2 0.825217 -1.01293 1.01541
2 0.826087 -1.01294 1.01543
2 0.826957 -1.01296 1.01545
2 0.827826 -1.01297 1.01547
2 0.828696 -1.01298 1.01548
2 0.829565 -1.013 1.0155
2 0.830435 -1.01301 1.01552
2 0.831304 -1.01302 1.01553
2 0.832174 -1.01304 1.01555
2 0.833043 -1.01305 1.01556
2 0.833913 -1.01306 1.01558
2 0.834783 -1.01308 1.0156
2 0.835652 -1.01309 1.01561
3 0.836522 -1.01311 1.01563
2 0.837391 -1.01312 1.01565
2 0.838261 -1.01313 1.01567
2 0.83913 -1.01314 1.01569
2 0.84 -1.01316 1.0157
2 0.84087 -1.01317 1.01572
2 0.841739 -1.01318 1.01574
2 0.842609 -1.0132 1.01577
2 0.843478 -1.01321 1.01578
2 0.844348 -1.01322 1.0158
2 0.845217 -1.01323 1.01582
2 0.846087 -1.01324 1.01584
2 0.846957 -1.01326 1.01586
2 0.847826 -1.01327 1.01588
2 0.848696 -1.01328 1.0159
2 0.849565 -1.01329 1.01592
2 0.850435 -1.0133 1.01594
2 0.851304 -1.01331 1.01596
2 0.852174 -1.01332 1.01599
2 0.853043 -1.01333 1.016
2 0.853913 -1.01334 1.01603
2 0.854783 -1.01335 1.01605
2 0.855652 -1.01336 1.01607
2 0.856522 -1.01338 1.01609
2 0.857391 -1.01339 1.01612
2 0.858261 -1.0134 1.01614
2 0.85913 -1.01341 1.01615
2 0.86 -1.01342 1.01618
2 0.86087 -1.01343 1.0162
2 0.861739 -1.01344 1.01621
2 0.862609 -1.01345 1.01623
2 0.863478 -1.01345 1.01626
2 0.864348 -1.01346 1.01628
2 0.865217 -1.01347 1.0163
2 0.866087 -1.01348 1.01632
2 0.866957 -1.01349 1.01634
2 0.867826 -1.0135 1.01636
2 0.868696 -1.01352 1.01638
2 0.869565 -1.01353 1.0164
2 0.870435 -1.01354 1.01642
2 0.871304 -1.01355 1.01643
2 0.872174 -1.01357 1.01645
2 0.873043 -1.01358 1.01646
2 0.873913 -1.01359 1.01648
2 0.874783 -1.0136 1.0165
2 0.875652 -1.01362 1.01652
2 0.876522 -1.01363 1.01653
2 0.877391 -1.01364 1.01655
2 0.878261 -1.01365 1.01657
2 0.87913 -1.01366 1.01659
2 0.88 -1.01368 1.0166
2 0.88087 -1.01369 1.01662
2 0.881739 -1.0137 1.01664
2 0.882609 -1.01371 1.01666
2 0.883478 -1.01372 1.01668
2 0.884348 -1.01373 1.0167
2 0.885217 -1.01373 1.01672
2 0.886087 -1.01375 1.01673
2 0.886957 -1.01376 1.01675
2 0.887826 -1.01377 1.01677
2 0.888696 -1.01378 1.01678
2 0.889565 -1.01379 1.0168
2 0.890435 -1.01381 1.01682
2 0.891304 -1.01382 1.01684
2 0.892174 -1.01384 1.01685
2 0.893043 -1.01386 1.01687
2 0.893913 -1.01387 1.01689
2 0.894783 -1.01389 1.01691
2 0.895652 -1.0139 1.01692
2 0.896522 -1.01392 1.01694
2 0.897391 -1.01393 1.01696
2 0.898261 -1.01394 1.01698
2 0.89913 -1.01395 1.017
2 0.9 -1.01397 1.01702
2 0.90087 -1.01398 1.01704
2 0.901739 -1.014 1.01706
2 0.902609 -1.01401 1.01708
2 0.903478 -1.01402 1.01709
2 0.904348 -1.01403 1.01711
2 0.905217 -1.01404 1.01713
2 0.906087 -1.01406 1.01715
2 0.906957 -1.01407 1.01717
2 0.907826 -1.01409 1.01719
2 0.908696 -1.0141 1.0172
2 0.909565 -1.01411 1.01722
2 0.910435 -1.01412 1.01724
2 0.911304 -1.01413 1.01725
2 0.912174 -1.01414 1.01728
2 0.913043 -1.01415 1.0173
2 0.913913 -1.01416 1.01731
2 0.914783 -1.01417 1.01733
2 0.915652 -1.01418 1.01734
2 0.916522 -1.01419 1.01736
2 0.917391 -1.0142 1.01738
2 0.918261 -1.01421 1.0174
2 0.91913 -1.01423 1.01742
2 0.92 -1.01424 1.01744
2 0.92087 -1.01425 1.01745
2 0.921739 -1.01426 1.01747
2 0.922609 -1.01426 1.01749
2 0.923478 -1.01427 1.01751
2 0.924348 -1.01428 1.01753
2 0.925217 -1.01429 1.01754
2 0.926087 -1.0143 1.01757
2 0.926957 -1.0143 1.01759
2 0.927826 -1.01431 1.0176
2 0.928696 -1.01432 1.01763
2 0.929565 -1.01434 1.01765
2 0.930435 -1.01435 1.01767
2 0.931304 -1.01436 1.01769
2 0.932174 -1.01437 1.01771
2 0.933043 -1.01438 1.01772
2 0.933913 -1.01439 1.01774
2 0.934783 -1.0144 1.01776
2 0.935652 -1.0144 1.01778
2 0.936522 -1.01441 1.0178
2 0.937391 -1.01442 1.01782
2 0.938261 -1.01443 1.01784
2 0.93913 -1.01444 1.01786
2 0.94 -1.01445 1.01787
2 0.94087 -1.01446 1.01789
2 0.941739 -1.01447 1.01791
2 0.942609 -1.01448 1.01792
2 0.943478 -1.01449 1.01794
2 0.944348 -1.0145 1.01796
2 0.945217 -1.01451 1.01797
2 0.946087 -1.01452 1.01799
2 0.946957 -1.01454 1.018
2 0.947826 -1.01455 1.01802
2 0.948696 -1.01456 1.01804
2 0.949565 -1.01457 1.01805
2 0.950435 -1.01458 1.01807
2 0.951304 -1.0146 1.01809
2 0.952174 -1.01461 1.0181
2 0.953043 -1.01462 1.01812
2 0.953913 -1.01463 1.01814
2 0.954783 -1.01464 1.01815
2 0.955652 -1.01465 1.01817
2 0.956522 -1.01466 1.01819
2 0.957391 -1.01467 1.01821
2 0.958261 -1.01467 1.01823
2 0.95913 -1.01467 1.01825
2 0.96 -1.01468 1.01827
2 0.96087 -1.01469 1.01828
2 0.961739 -1.0147 1.0183
2 0.962609 -1.01471 1.01832
2 0.963478 -1.01472 1.01834
2 0.964348 -1.01473 1.01835
2 0.965217 -1.01473 1.01836
2 0.966087 -1.01474 1.01837
2 0.966957 -1.01475 1.01839
2 0.967826 -1.01476 1.0184
2 0.968696 -1.01477 1.01842
2 0.969565 -1.01478 1.01843
2 0.970435 -1.0148 1.01844
2 0.971304 -1.01481 1.01845
2 0.972174 -1.01482 1.01847
2 0.973043 -1.01483 1.01848
2 0.973913 -1.01483 1.01849
2 0.974783 -1.01484 1.01851
2 0.975652 -1.01485 1.01852
2 0.976522 -1.01485 1.01853
2 0.977391 -1.01486 1.01855
2 0.978261 -1.01487 1.01856
2 0.97913 -1.01488 1.01858
2 0.98 -1.01489 1.01859
2 0.98087 -1.0149 1.01861
2 0.981739 -1.01492 1.01863
2 0.982609 -1.01493 1.01864
2 0.983478 -1.01494 1.01866
2 0.984348 -1.01495 1.01867
2 0.985217 -1.01496 1.01869
2 0.986087 -1.01497 1.0187
2 0.986957 -1.01499 1.01872
2 0.987826 -1.01499 1.01873
2 0.988696 -1.01501 1.01874
2 0.989565 -1.01502 1.01876
2 0.990435 -1.01503 1.01877
2 0.991304 -1.01504 1.01879
2 0.992174 -1.01505 1.0188
2 0.993043 -1.01506 1.01881
2 0.993913 -1.01507 1.01882
2 0.994783 -1.01508 1.01884
2 0.995652 -1.01509 1.01885
2 0.996522 -1.01511 1.01886
2 0.997391 -1.01512 1.01888
2 0.998261 -1.01513 1.01889
2 0.99913 -1.01514 1.01891
2 1 -1.01515 1.01892
2 1.00087 -1.01524 1.01897
2 1.00174 -1.01533 1.01902
2 1.00261 -1.0154 1.01907
2 1.00348 -1.01546 1.01912
2 1.00435 -1.01552 1.01916
2 1.00522 -1.01556 1.0192
2 1.00609 -1.0156 1.01924
2 1.00696 -1.01562 1.01927
3 1.00783 -1.01564 1.0193
2 1.0087 -1.01567 1.01933
2 1.00957 -1.01569 1.01936
2 1.01043 -1.01571 1.01939
2 1.0113 -1.01573 1.01942
2 1.01217 -1.01575 1.01945
2 1.01304 -1.01578 1.01948
2 1.01391 -1.0158 1.01951
2 1.01478 -1.01582 1.01953
2 1.01565 -1.01584 1.01961
2 1.01652 -1.01586 1.01968
2 1.01739 -1.01588 1.01973
2 1.01826 -1.0159 1.01977
2 1.01913 -1.01592 1.01981
2 1.02 -1.01593 1.01984
2 1.02087 -1.01595 1.01988
2 1.02174 -1.01595 1.0199
2 1.02261 -1.01597 1.01993
2 1.02348 -1.01599 1.01995
2 1.02435 -1.016 1.01997
2 1.02522 -1.01602 1.01999
2 1.02609 -1.01603 1.02001
2 1.02696 -1.01604 1.02003
2 1.02783 -1.01605 1.02005
2 1.0287 -1.01605 1.02007
2 1.02957 -1.01605 1.0201
2 1.03043 -1.01605 1.02012
2 1.0313 -1.01605 1.02014
2 1.03217 -1.01606 1.02016
2 1.03304 -1.01608 1.02018
2 1.03391 -1.0161 1.0202
2 1.03478 -1.01609 1.02022
2 1.03565 -1.01611 1.02024
2 1.03652 -1.01612 1.02026
2 1.03739 -1.01613 1.02028
2 1.03826 -1.01615 1.0203
2 1.03913 -1.01616 1.02032
2 1.04 -1.01617 1.02034
2 1.04087 -1.01617 1.02035
2 1.04174 -1.01617 1.02037
2 1.04261 -1.01619 1.02039
2 1.04348 -1.01622 1.02041
2 1.04435 -1.01619 1.02042
2 1.04522 -1.0162 1.02044
2 1.04609 -1.01621 1.02046
2 1.04696 -1.01621 1.02048
2 1.04783 -1.01622 1.02049
2 1.0487 -1.01623 1.02051
2 1.04957 -1.01624 1.02053
2 1.05043 -1.01624 1.02055
2 1.0513 -1.01625 1.02057
2 1.05217 -1.01626 1.02059
2 1.05304 -1.01627 1.0206
2 1.05391 -1.01627 1.02062
2 1.05478 -1.01628 1.02064
2 1.05565 -1.01629 1.02065
2 1.05652 -1.0163 1.02067
2 1.05739 -1.01631 1.02069
2 1.05826 -1.01631 1.02071
2 1.05913 -1.01632 1.02072
2 1.06 -1.01633 1.02074
2 1.06087 -1.01634 1.02076
2 1.06174 -1.01636 1.02077
2 1.06261 -1.01636 1.02079
2 1.06348 -1.01638 1.02081
2 1.06435 -1.01638 1.02082
2 1.06522 -1.01639 1.02084
2 1.06609 -1.01641 1.02086
2 1.06696 -1.01642 1.02087
2 1.06783 -1.01643 1.02089
2 1.0687 -1.01644 1.0209
2 1.06957 -1.01644 1.02091
2 1.07043 -1.01645 1.02093
2 1.0713 -1.01645 1.02094
2 1.07217 -1.01646 1.02096
2 1.07304 -1.01645 1.02097
2 1.07391 -1.01646 1.02099
2 1.07478 -1.01647 1.021
2 1.07565 -1.01647 1.02102
2 1.07652 -1.01647 1.02104
2 1.07739 -1.01648 1.02105
2 1.07826 -1.01648 1.02107
2 1.07913 -1.01649 1.02109
2 1.08 -1.01649 1.02111
2 1.08087 -1.01649 1.02113
2 1.08174 -1.0165 1.02115
2 1.08261 -1.01651 1.02116
2 1.08348 -1.01652 1.02118
2 1.08435 -1.01652 1.0212
2 1.08522 -1.01654 1.02122
2 1.08609 -1.01654 1.02124
2 1.08696 -1.01655 1.02126
2 1.08783 -1.01656 1.02128
2 1.0887 -1.01657 1.0213
2 1.08957 -1.01658 1.02132
2 1.09043 -1.01658 1.02134
2 1.0913 -1.01659 1.02136
2 1.09217 -1.0166 1.02138
2 1.09304 -1.0166 1.0214
2 1.09391 -1.01661 1.02142
2 1.09478 -1.01661 1.02144
2 1.09565 -1.01662 1.02145
2 1.09652 -1.01663 1.02147
2 1.09739 -1.01663 1.02149
2 1.09826 -1.01664 1.02151
2 1.09913 -1.01665 1.02153
2 1.1 -1.01666 1.02155
2 1.10087 -1.01666 1.02157
2 1.10174 -1.01667 1.02159
2 1.10261 -1.01668 1.02161
2 1.10348 -1.01669 1.02163
2 1.10435 -1.0167 1.02165
2 1.10522 -1.01671 1.02167
2 1.10609 -1.01671 1.02169
2 1.10696 -1.01671 1.02171
2 1.10783 -1.01672 1.02174
2 1.1087 -1.01673 1.02176
2 1.10957 -1.01674 1.02178
2 1.11043 -1.01674 1.0218
2 1.1113 -1.01675 1.02182
2 1.11217 -1.01676 1.02184
2 1.11304 -1.01677 1.02186
2 1.11391 -1.01678 1.02188
2 1.11478 -1.01679 1.0219
2 1.11565 -1.01679 1.02192
2 1.11652 -1.01679 1.02194
2 1.11739 -1.0168 1.02196
2 1.11826 -1.01681 1.02198
2 1.11913 -1.01681 1.022
2 1.12 -1.01681 1.02201
2 1.12087 -1.01682 1.02203
2 1.12174 -1.01682 1.02205
2 1.12261 -1.01682 1.02206
2 1.12348 -1.01682 1.02208
2 1.12435 -1.01682 1.0221
2 1.12522 -1.01683 1.02211
2 1.12609 -1.01684 1.02213
2 1.12696 -1.01684 1.02215
2 1.12783 -1.01685 1.02217
2 1.1287 -1.01685 1.02219
2 1.12957 -1.01686 1.02221
2 1.13043 -1.01687 1.02223
2 1.1313 -1.01687 1.02225
2 1.13217 -1.01688 1.02227
2 1.13304 -1.01689 1.02229
2 1.13391 -1.0169 1.02231
2 1.13478 -1.01691 1.02233
2 1.13565 -1.01691 1.02235
2 1.13652 -1.01692 1.02237
2 1.13739 -1.01692 1.02239
2 1.13826 -1.01692 1.02241
2 1.13913 -1.01692 1.02243
2 1.14 -1.01693 1.02245
2 1.14087 -1.01694 1.02247
2 1.14174 -1.01694 1.02249
2 1.14261 -1.01696 1.02251
2 1.14348 -1.01697 1.02253
2 1.14435 -1.01697 1.02255
2 1.14522 -1.01698 1.02257
2 1.14609 -1.01699 1.0226
2 1.14696 -1.017 1.02262
2 1.14783 -1.01701 1.02264
2 1.1487 -1.01702 1.02266
2 1.14957 -1.01703 1.02268
2 1.15043 -1.01705 1.02271
2 1.1513 -1.01706 1.02273
2 1.15217 -1.01706 1.02275
2 1.15304 -1.01708 1.02277
2 1.15391 -1.01709 1.02279
2 1.15478 -1.0171 1.02281
2 1.15565 -1.01711 1.02283
2 1.15652 -1.01712 1.02285
2 1.15739 -1.01713 1.02287
2 1.15826 -1.01713 1.02289
2 1.15913 -1.01713 1.02292
2 1.16 -1.01714 1.02294
2 1.16087 -1.01714 1.02296
2 1.16174 -1.01715 1.02299
2 1.16261 -1.01715 1.023
2 1.16348 -1.01715 1.02301
2 1.16435 -1.01716 1.02302
2 1.16522 -1.01717 1.02303
2 1.16609 -1.01717 1.02304
2 1.16696 -1.01718 1.02305
2 1.16783 -1.01718 1.02306
2 1.1687 -1.01719 1.02308
2 1.16957 -1.01719 1.02309
2 1.17043 -1.01719 1.02311
2 1.1713 -1.0172 1.02313
2 1.17217 -1.0172 1.02314
2 1.17304 -1.01721 1.02316
2 1.17391 -1.01721 1.02318
2 1.17478 -1.01722 1.0232
2 1.17565 -1.01723 1.02322
2 1.17652 -1.01724 1.02324
2 1.17739 -1.01724 1.02326
2 1.17826 -1.01725 1.02328
2 1.17913 -1.01725 1.0233
2 1.18 -1.01726 1.02331
2 1.18087 -1.01727 1.02333
2 1.18174 -1.01727 1.02335
2 1.18261 -1.01728 1.02337
2 1.18348 -1.01729 1.02338
2 1.18435 -1.0173 1.0234
2 1.18522 -1.0173 1.02341
2 1.18609 -1.01731 1.02343
3 1.18696 -1.01731 1.02344
2 1.18783 -1.01732 1.02346
2 1.1887 -1.01732 1.02348
2 1.18957 -1.01732 1.0235
2 1.19043 -1.01733 1.02352
2 1.1913 -1.01734 1.02354
2 1.19217 -1.01734 1.02356
2 1.19304 -1.01735 1.02358
2 1.19391 -1.01735 1.0236
2 1.19478 -1.01736 1.02362
2 1.19565 -1.01735 1.02364
2 1.19652 -1.01736 1.02366
2 1.19739 -1.01737 1.02367
2 1.19826 -1.01737 1.02369
2 1.19913 -1.01738 1.02371
2 1.2 -1.01739 1.02373
2 1.20087 -1.0174 1.02375
2 1.20174 -1.0174 1.02377
2 1.20261 -1.01741 1.02379
2 1.20348 -1.01741 1.02381
2 1.20435 -1.01742 1.02383
2 1.20522 -1.01743 1.02385
2 1.20609 -1.01744 1.02386
2 1.20696 -1.01744 1.02388
2 1.20783 -1.01745 1.0239
2 1.2087 -1.01746 1.02392
2 1.20957 -1.01746 1.02394
2 1.21043 -1.01746 1.02396
2 1.2113 -1.01747 1.02398
2 1.21217 -1.01748 1.024
2 1.21304 -1.01748 1.02402
2 1.21391 -1.01749 1.02404
2 1.21478 -1.0175 1.02406
2 1.21565 -1.01752 1.02408
2 1.21652 -1.01753 1.0241
2 1.21739 -1.01754 1.02412
2 1.21826 -1.01754 1.02413
2 1.21913 -1.01754 1.02415
2 1.22 -1.01755 1.02417
2 1.22087 -1.01756 1.02419
2 1.22174 -1.01756 1.02421
2 1.22261 -1.01757 1.02423
2 1.22348 -1.01758 1.02425
2 1.22435 -1.01758 1.02428
2 1.22522 -1.01759 1.0243
2 1.22609 -1.0176 1.02432
2 1.22696 -1.0176 1.02434
2 1.22783 -1.01761 1.02437
2 1.2287 -1.01762 1.02439
2 1.22957 -1.01763 1.02441
2 1.23043 -1.01764 1.02442
2 1.2313 -1.01764 1.02444
2 1.23217 -1.01764 1.02446
2 1.23304 -1.01764 1.02448
2 1.23391 -1.01764 1.02451
2 1.23478 -1.01765 1.02453
2 1.23565 -1.01765 1.02455
2 1.23652 -1.01765 1.02457
2 1.23739 -1.01766 1.02459
2 1.23826 -1.01766 1.02461
2 1.23913 -1.01767 1.02463
2 1.24 -1.01767 1.02465
2 1.24087 -1.01767 1.02467
2 1.24174 -1.01767 1.0247
2 1.24261 -1.01767 1.02472
2 1.24348 -1.01768 1.02474
2 1.24435 -1.01768 1.02477
2 1.24522 -1.01769 1.02479
2 1.24609 -1.01769 1.02481
2 1.24696 -1.0177 1.02484
2 1.24783 -1.0177 1.02486
2 1.2487 -1.0177 1.02488
2 1.24957 -1.0177 1.0249
2 1.25043 -1.01771 1.02493
2 1.2513 -1.01771 1.02495
2 1.25217 -1.01771 1.02497
2 1.25304 -1.01771 1.02499
2 1.25391 -1.01772 1.02501
2 1.25478 -1.01771 1.02503
2 1.25565 -1.01771 1.02505
2 1.25652 -1.01771 1.02507
2 1.25739 -1.01771 1.02509
2 1.25826 -1.01771 1.02511
2 1.25913 -1.01771 1.02512
2 1.26 -1.01771 1.02514
2 1.26087 -1.01771 1.02516
2 1.26174 -1.01771 1.02518
2 1.26261 -1.01771 1.0252
2 1.26348 -1.01772 1.02522
2 1.26435 -1.01772 1.02523
2 1.26522 -1.01772 1.02525
2 1.26609 -1.01773 1.02527
2 1.26696 -1.01772 1.02529
2 1.26783 -1.01772 1.0253
2 1.2687 -1.01772 1.02533
2 1.26957 -1.01773 1.02534
2 1.27043 -1.01773 1.02536
2 1.2713 -1.01774 1.02537
2 1.27217 -1.01774 1.02539
2 1.27304 -1.01774 1.02541
2 1.27391 -1.01774 1.02542
2 1.27478 -1.01774 1.02544
2 1.27565 -1.01774 1.02545
2 1.27652 -1.01775 1.02547
2 1.27739 -1.01775 1.02549
2 1.27826 -1.01775 1.0255
2 1.27913 -1.01776 1.02552
2 1.28 -1.01776 1.02554
2 1.28087 -1.01776 1.02555
2 1.28174 -1.01776 1.02557
2 1.28261 -1.01776 1.02558
2 1.28348 -1.01777 1.0256
2 1.28435 -1.01777 1.02561
2 1.28522 -1.01777 1.02562
2 1.28609 -1.01777 1.02564
2 1.28696 -1.01778 1.02565
2 1.28783 -1.01778 1.02567
2 1.2887 -1.01777 1.02568
2 1.28957 -1.01777 1.02569
2 1.29043 -1.01777 1.0257
2 1.2913 -1.01777 1.02571
2 1.29217 -1.01778 1.02573
2 1.29304 -1.01778 1.02574
2 1.29391 -1.01779 1.02576
2 1.29478 -1.01779 1.02577
2 1.29565 -1.01779 1.02579
2 1.29652 -1.01779 1.0258
2 1.29739 -1.01779 1.02582
2 1.29826 -1.0178 1.02583
2 1.29913 -1.0178 1.02585
2 1.3 -1.0178 1.02586
2 1.30087 -1.01781 1.02587
2 1.30174 -1.01781 1.02589
2 1.30261 -1.0178 1.0259
2 1.30348 -1.0178 1.02592
2 1.30435 -1.01781 1.02593
2 1.30522 -1.01782 1.02595
2 1.30609 -1.01782 1.02597
2 1.30696 -1.01783 1.02598
2 1.30783 -1.01783 1.026
2 1.3087 -1.01783 1.02601
2 1.30957 -1.01783 1.02602
2 1.31043 -1.01784 1.02604
2 1.3113 -1.01785 1.02606
2 1.31217 -1.01785 1.02607
2 1.31304 -1.01786 1.02609
2 1.31391 -1.01786 1.02611
2 1.31478 -1.01787 1.02612
2 1.31565 -1.01787 1.02613
2 1.31652 -1.01787 1.02615
2 1.31739 -1.01787 1.02617
2 1.31826 -1.01789 1.02618
2 1.31913 -1.0179 1.0262
2 1.32 -1.01791 1.02622
2 1.32087 -1.01791 1.02623
2 1.32174 -1.01792 1.02625
2 1.32261 -1.01792 1.02626
2 1.32348 -1.01793 1.02628
2 1.32435 -1.01794 1.0263
2 1.32522 -1.01795 1.02632
2 1.32609 -1.01796 1.02633
2 1.32696 -1.01797 1.02635
2 1.32783 -1.01797 1.02637
2 1.3287 -1.01799 1.02639
2 1.32957 -1.01799 1.02641
2 1.33043 -1.018 1.02642
2 1.3313 -1.01801 1.02644
2 1.33217 -1.01801 1.02646
2 1.33304 -1.01801 1.02648
2 1.33391 -1.01802 1.0265
2 1.33478 -1.01803 1.02652
2 1.33565 -1.01803 1.02654
2 1.33652 -1.01804 1.02656
2 1.33739 -1.01805 1.02658
2 1.33826 -1.01806 1.0266
2 1.33913 -1.01806 1.02662
2 1.34 -1.01807 1.02664
2 1.34087 -1.01808 1.02666
2 1.34174 -1.01808 1.02668
2 1.34261 -1.01809 1.02669
2 1.34348 -1.01809 1.02671
2 1.34435 -1.0181 1.02673
2 1.34522 -1.0181 1.02675
2 1.34609 -1.01811 1.02678
2 1.34696 -1.01812 1.0268
2 1.34783 -1.01812 1.02682
2 1.3487 -1.01813 1.02684
2 1.34957 -1.01814 1.02686
2 1.35043 -1.01815 1.02688
2 1.3513 -1.01816 1.0269
2 1.35217 -1.01817 1.02691
2 1.35304 -1.01818 1.02694
2 1.35391 -1.01819 1.02696
2 1.35478 -1.0182 1.02698
2 1.35565 -1.01821 1.027
2 1.35652 -1.01822 1.02702
2 1.35739 -1.01824 1.02703
2 1.35826 -1.01824 1.02705
2 1.35913 -1.01825 1.02707
2 1.36 -1.01827 1.02709
2 1.36087 -1.01828 1.02711
2 1.36174 -1.0183 1.02713
2 1.36261 -1.01831 1.02715
2 1.36348 -1.01832 1.02717
2 1.36435 -1.01834 1.02719
2 1.36522 -1.01835 1.02721
2 1.36609 -1.01837 1.02723
2 1.36696 -1.01838 1.02725
2 1.36783 -1.0184 1.02727
2 1.3687 -1.01841 1.02729
2 1.36957 -1.01842 1.02731
2 1.37043 -1.01843 1.02732
2 1.3713 -1.01845 1.02734
2 1.37217 -1.01847 1.02739
2 1.37304 -1.01848 1.02745
2 1.37391 -1.0185 1.0275
2 1.37478 -1.01851 1.02754
2 1.37565 -1.01853 1.02757
2 1.37652 -1.01854 1.02759
2 1.37739 -1.01856 1.02762
2 1.37826 -1.01858 1.02764
2 1.37913 -1.0186 1.02767
2 1.38 -1.01862 1.02768
2 1.38087 -1.01863 1.0277
2 1.38174 -1.01864 1.02772
2 1.38261 -1.01865 1.02773
2 1.38348 -1.01866 1.02774
2 1.38435 -1.01868 1.02776
2 1.38522 -1.0187 1.02778
2 1.38609 -1.01871 1.02779
2 1.38696 -1.01872 1.0278
2 1.38783 -1.01873 1.02781
2 1.3887 -1.01874 1.02782
2 1.38957 -1.01876 1.02783
2 1.39043 -1.01877 1.02784
2 1.3913 -1.01878 1.02786
2 1.39217 -1.01879 1.02787
2 1.39304 -1.0188 1.02788
2 1.39391 -1.01882 1.0279
2 1.39478 -1.01884 1.02791
2 1.39565 -1.01885 1.02792
2 1.39652 -1.01887 1.02794
2 1.39739 -1.01889 1.02796
2 1.39826 -1.0189 1.02798
2 1.39913 -1.01892 1.02799
2 1.4 -1.01894 1.02801
2 1.40087 -1.01896 1.02803
2 1.40174 -1.01897 1.02804
2 1.40261 -1.01899 1.02806
2 1.40348 -1.01901 1.02808
2 1.40435 -1.01903 1.02809
2 1.40522 -1.01904 1.02811
2 1.40609 -1.01906 1.02813
2 1.40696 -1.01907 1.02814
2 1.40783 -1.01909 1.02816
2 1.4087 -1.01911 1.02818
2 1.40957 -1.01912 1.02819
2 1.41043 -1.01914 1.02821
2 1.4113 -1.01915 1.02822
2 1.41217 -1.01917 1.02824
2 1.41304 -1.01919 1.02826
2 1.41391 -1.01921 1.02827
2 1.41478 -1.01922 1.02828
2 1.41565 -1.01923 1.0283
2 1.41652 -1.01925 1.02831
2 1.41739 -1.01926 1.02833
2 1.41826 -1.01928 1.02834
2 1.41913 -1.01929 1.02836
2 1.42 -1.01931 1.02838
2 1.42087 -1.01933 1.02839
2 1.42174 -1.01935 1.02841
2 1.42261 -1.01936 1.02842
2 1.42348 -1.01938 1.02843
2 1.42435 -1.0194 1.02845
2 1.42522 -1.01942 1.02846
2 1.42609 -1.01943 1.02848
2 1.42696 -1.01945 1.02849
2 1.42783 -1.01947 1.02851
2 1.4287 -1.01948 1.02852
2 1.42957 -1.0195 1.02853
2 1.43043 -1.01952 1.02855
2 1.4313 -1.01954 1.02856
2 1.43217 -1.0196 1.02858
2 1.43304 -1.01964 1.02859
2 1.43391 -1.01968 1.02861
2 1.43478 -1.01972 1.02862
2 1.43565 -1.01975 1.02864
2 1.43652 -1.01977 1.02866
2 1.43739 -1.0198 1.02867
2 1.43826 -1.01982 1.02869
2 1.43913 -1.01985 1.02871
2 1.44 -1.01987 1.02872
2 1.44087 -1.01989 1.02874
2 1.44174 -1.01991 1.02875
2 1.44261 -1.01993 1.02877
2 1.44348 -1.01995 1.02879
2 1.44435 -1.01997 1.0288
2 1.44522 -1.01998 1.02882
2 1.44609 -1.02 1.02884
2 1.44696 -1.02002 1.02885
2 1.44783 -1.02004 1.02887
2 1.4487 -1.02006 1.02888
2 1.44957 -1.02007 1.0289
2 1.45043 -1.02009 1.02892
2 1.4513 -1.02011 1.02893
2 1.45217 -1.02013 1.02895
2 1.45304 -1.02014 1.02896
2 1.45391 -1.02016 1.02897
2 1.45478 -1.02018 1.02899
2 1.45565 -1.0202 1.029
2 1.45652 -1.02021 1.02902
2 1.45739 -1.02023 1.02904
2 1.45826 -1.02025 1.02905
2 1.45913 -1.02026 1.02907
2 1.46 -1.02028 1.02908
2 1.46087 -1.0203 1.0291
2 1.46174 -1.02032 1.02911
2 1.46261 -1.02033 1.02913
2 1.46348 -1.02035 1.02915
2 1.46435 -1.02036 1.02916
2 1.46522 -1.02038 1.02918
2 1.46609 -1.02039 1.0292
2 1.46696 -1.02041 1.02921
2 1.46783 -1.02042 1.02923
2 1.4687 -1.02043 1.02925
2 1.46957 -1.02045 1.02927
2 1.47043 -1.02046 1.02928
2 1.4713 -1.02048 1.0293
2 1.47217 -1.02049 1.02931
2 1.47304 -1.02051 1.02933
2 1.47391 -1.02052 1.02934
2 1.47478 -1.02054 1.02936
2 1.47565 -1.02055 1.02937
2 1.47652 -1.02057 1.02939
2 1.47739 -1.02058 1.02941
2 1.47826 -1.02059 1.02942
2 1.47913 -1.0206 1.02944
2 1.48 -1.02062 1.02945
2 1.48087 -1.02063 1.02947
2 1.48174 -1.02064 1.02949
2 1.48261 -1.02065 1.02951
2 1.48348 -1.02067 1.02953
2 1.48435 -1.02068 1.02954
2 1.48522 -1.02069 1.02955
2 1.48609 -1.0207 1.02957
2 1.48696 -1.02071 1.02958
2 1.48783 -1.02073 1.02959
2 1.4887 -1.02074 1.02961
2 1.48957 -1.02075 1.02962
2 1.49043 -1.02076 1.02963
2 1.4913 -1.02078 1.02965
2 1.49217 -1.02079 1.02967
2 1.49304 -1.0208 1.02968
2 1.49391 -1.02081 1.02969
2 1.49478 -1.02083 1.02971
2 1.49565 -1.02084 1.02972
2 1.49652 -1.02085 1.02973
2 1.49739 -1.02086 1.02975
2 1.49826 -1.02087 1.02976
2 1.49913 -1.02089 1.02977
2 1.5 -1.0209 1.02979
2 1.50087 -1.02092 1.0298
2 1.50174 -1.02093 1.02982
2 1.50261 -1.02094 1.02983
2 1.50348 -1.02095 1.02985
2 1.50435 -1.02096 1.02986
2 1.50522 -1.02098 1.02988
2 1.50609 -1.02099 1.02989
2 1.50696 -1.021 1.0299
2 1.50783 -1.02101 1.02992
2 1.5087 -1.02102 1.02993
2 1.50957 -1.02103 1.02995
2 1.51043 -1.02104 1.02996
2 1.5113 -1.02105 1.02997
2 1.51217 -1.02106 1.02999
2 1.51304 -1.02107 1.03
2 1.51391 -1.02108 1.03002
2 1.51478 -1.02109 1.03003
2 1.51565 -1.0211 1.03004
2 1.51652 -1.0211 1.03006
2 1.51739 -1.02111 1.03007
2 1.51826 -1.02112 1.03009
2 1.51913 -1.02113 1.0301
2 1.52 -1.02113 1.03012
2 1.52087 -1.02114 1.03014
2 1.52174 -1.02114 1.03015
2 1.52261 -1.02115 1.03017
2 1.52348 -1.02115 1.03019
2 1.52435 -1.02116 1.0302
2 1.52522 -1.02117 1.03022
2 1.52609 -1.02117 1.03023
2 1.52696 -1.02118 1.03025
2 1.52783 -1.02119 1.03026
2 1.5287 -1.0212 1.03028
2 1.52957 -1.0212 1.03029
2 1.53043 -1.02121 1.03031
2 1.5313 -1.02123 1.03033
2 1.53217 -1.02124 1.03034
2 1.53304 -1.02125 1.03035
2 1.53391 -1.02126 1.03036
2 1.53478 -1.02127 1.03038
2 1.53565 -1.02128 1.03039
2 1.53652 -1.02129 1.0304
2 1.53739 -1.02129 1.03041
2 1.53826 -1.0213 1.03042
2 1.53913 -1.02131 1.03044
2 1.54 -1.02132 1.03045
2 1.54087 -1.02132 1.03046
2 1.54174 -1.02133 1.03048
2 1.54261 -1.02134 1.03049
2 1.54348 -1.02134 1.03051
2 1.54435 -1.02135 1.03052
2 1.54522 -1.02135 1.03054
2 1.54609 -1.02136 1.03055
2 1.54696 -1.02137 1.03057
2 1.54783 -1.02137 1.03058
2 1.5487 -1.02138 1.0306
2 1.54957 -1.02139 1.03061
2 1.55043 -1.02139 1.03063
2 1.5513 -1.0214 1.03064
2 1.55217 -1.02141 1.03066
2 1.55304 -1.02141 1.03067
2 1.55391 -1.02142 1.03068
2 1.55478 -1.02143 1.0307
2 1.55565 -1.02143 1.03071
2 1.55652 -1.02144 1.03073
2 1.55739 -1.02145 1.03074
2 1.55826 -1.02145 1.03076
2 1.55913 -1.02146 1.03077
2 1.56 -1.02147 1.03079
2 1.56087 -1.02148 1.0308
2 1.56174 -1.02149 1.03082
2 1.56261 -1.0215 1.03083
2 1.56348 -1.0215 1.03085
2 1.56435 -1.02151 1.03086
2 1.56522 -1.02152 1.03087
2 1.56609 -1.02153 1.03089
2 1.56696 -1.02154 1.0309
2 1.56783 -1.02155 1.03092
2 1.5687 -1.02155 1.03093
2 1.56957 -1.02156 1.03095
2 1.57043 -1.02157 1.03096
2 1.5713 -1.02158 1.03097
2 1.57217 -1.02159 1.03099
2 1.57304 -1.0216 1.031
2 1.57391 -1.02161 1.03102
2 1.57478 -1.02162 1.03103
2 1.57565 -1.02163 1.03104
2 1.57652 -1.02164 1.03106
2 1.57739 -1.02165 1.03107
2 1.57826 -1.02166 1.03109
2 1.57913 -1.02167 1.03111
2 1.58 -1.02168 1.03112
2 1.58087 -1.02169 1.03114
2 1.58174 -1.0217 1.03115
2 1.58261 -1.02171 1.03117
2 1.58348 -1.02172 1.03118
2 1.58435 -1.02173 1.0312
2 1.58522 -1.02175 1.03121
2 1.58609 -1.02176 1.03122
2 1.58696 -1.02177 1.03124
3 1.58783 -1.02178 1.03125
2 1.5887 -1.02179 1.03126
2 1.58957 -1.02179 1.03128
2 1.59043 -1.0218 1.0313
2 1.5913 -1.02181 1.03131
2 1.59217 -1.02182 1.03132
2 1.59304 -1.02183 1.03134
2 1.59391 -1.02184 1.03135
2 1.59478 -1.02185 1.03137
2 1.59565 -1.02186 1.03138
2 1.59652 -1.02187 1.0314
2 1.59739 -1.02188 1.03141
2 1.59826 -1.02189 1.03143
2 1.59913 -1.0219 1.03145
2 1.6 -1.02191 1.03146
2 1.60087 -1.02192 1.03148
2 1.60174 -1.02193 1.03149
2 1.60261 -1.02195 1.03151
2 1.60348 -1.02196 1.03152
2 1.60435 -1.02197 1.03154
2 1.60522 -1.02198 1.03155
2 1.60609 -1.02199 1.03157
2 1.60696 -1.022 1.03158
2 1.60783 -1.02202 1.0316
2 1.6087 -1.02203 1.03161
2 1.60957 -1.02204 1.03163
2 1.61043 -1.02206 1.03164
2 1.6113 -1.02207 1.03166
2 1.61217 -1.02208 1.03167
2 1.61304 -1.0221 1.03168
2 1.61391 -1.0221 1.0317
2 1.61478 -1.02211 1.03171
2 1.61565 -1.02212 1.03173
2 1.61652 -1.02213 1.03174
2 1.61739 -1.02214 1.03176
2 1.61826 -1.02215 1.03177
2 1.61913 -1.02216 1.03178
2 1.62 -1.02217 1.0318
2 1.62087 -1.02218 1.03181
2 1.62174 -1.0222 1.03182
2 1.62261 -1.02221 1.03184
2 1.62348 -1.02222 1.03186
2 1.62435 -1.02223 1.03187
2 1.62522 -1.02224 1.03189
2 1.62609 -1.02224 1.03191
2 1.62696 -1.02225 1.03192
2 1.62783 -1.02226 1.03194
2 1.6287 -1.02227 1.03195
2 1.62957 -1.02228 1.03197
2 1.63043 -1.02229 1.03198
2 1.6313 -1.02229 1.032
2 1.63217 -1.02231 1.03202
2 1.63304 -1.0223 1.03204
2 1.63391 -1.02231 1.03206
2 1.63478 -1.02232 1.03207
2 1.63565 -1.02233 1.03208
2 1.63652 -1.02234 1.0321
2 1.63739 -1.02233 1.03212
2 1.63826 -1.02234 1.03214
2 1.63913 -1.02236 1.03216
2 1.64 -1.02237 1.03218
2 1.64087 -1.02237 1.03219
2 1.64174 -1.02238 1.03221
2 1.64261 -1.02239 1.03223
2 1.64348 -1.0224 1.03225
2 1.64435 -1.0224 1.03228
2 1.64522 -1.02241 1.03229
2 1.64609 -1.02242 1.03231
2 1.64696 -1.02242 1.03233
2 1.64783 -1.02243 1.03235
2 1.6487 -1.02243 1.03236
2 1.64957 -1.02244 1.03238
2 1.65043 -1.02244 1.0324
2 1.6513 -1.02245 1.03242
2 1.65217 -1.02245 1.03244
2 1.65304 -1.02246 1.03246
2 1.65391 -1.02246 1.03248
2 1.65478 -1.02247 1.03249
2 1.65565 -1.02247 1.03251
2 1.65652 -1.02248 1.03254
2 1.65739 -1.02248 1.03255
2 1.65826 -1.02248 1.03257
2 1.65913 -1.02248 1.03259
2 1.66 -1.02249 1.03261
2 1.66087 -1.02249 1.03263
2 1.66174 -1.02249 1.03265
2 1.66261 -1.02249 1.03266
2 1.66348 -1.0225 1.03268
2 1.66435 -1.0225 1.0327
2 1.66522 -1.0225 1.03272
2 1.66609 -1.02251 1.03274
2 1.66696 -1.02251 1.03276
2 1.66783 -1.02252 1.03277
2 1.6687 -1.02252 1.03279
2 1.66957 -1.02252 1.03281
2 1.67043 -1.02253 1.03283
2 1.6713 -1.02253 1.03284
2 1.67217 -1.02254 1.03286
2 1.67304 -1.02255 1.03287
2 1.67391 -1.02255 1.03289
2 1.67478 -1.02256 1.0329
2 1.67565 -1.02257 1.03292
2 1.67652 -1.02257 1.03294
2 1.67739 -1.02258 1.03295
2 1.67826 -1.02259 1.03297
2 1.67913 -1.02259 1.03298
2 1.68 -1.0226 1.033
2 1.68087 -1.0226 1.03301
2 1.68174 -1.02261 1.03303
2 1.68261 -1.02261 1.03305
2 1.68348 -1.02262 1.03307
2 1.68435 -1.02262 1.03308
2 1.68522 -1.02263 1.0331
2 1.68609 -1.02263 1.03312
2 1.68696 -1.02264 1.03314
2 1.68783 -1.02264 1.03316
2 1.6887 -1.02265 1.03317
2 1.68957 -1.02265 1.03319
2 1.69043 -1.02266 1.0332
2 1.6913 -1.02267 1.03323
2 1.69217 -1.02267 1.03324
2 1.69304 -1.02268 1.03327
2 1.69391 -1.02269 1.03328
2 1.69478 -1.02269 1.0333
2 1.69565 -1.0227 1.03332
2 1.69652 -1.02271 1.03333
2 1.69739 -1.02272 1.03335
2 1.69826 -1.02272 1.03337
2 1.69913 -1.02273 1.03339
2 1.7 -1.02274 1.0334
2 1.70087 -1.02275 1.03342
2 1.70174 -1.02275 1.03344
2 1.70261 -1.02276 1.03345
2 1.70348 -1.02276 1.03347
2 1.70435 -1.02277 1.03349
2 1.70522 -1.02278 1.03351
2 1.70609 -1.02278 1.03352
2 1.70696 -1.02278 1.03354
2 1.70783 -1.02279 1.03356
2 1.7087 -1.02279 1.03358
2 1.70957 -1.0228 1.0336
2 1.71043 -1.0228 1.03362
2 1.7113 -1.02281 1.03364
2 1.71217 -1.02281 1.03365
2 1.71304 -1.02282 1.03367
2 1.71391 -1.02282 1.03369
2 1.71478 -1.02282 1.03371
2 1.71565 -1.02283 1.03372
2 1.71652 -1.02283 1.03374
2 1.71739 -1.02283 1.03376
2 1.71826 -1.02283 1.03378
2 1.71913 -1.02284 1.0338
2 1.72 -1.02284 1.03382
2 1.72087 -1.02284 1.03384
2 1.72174 -1.02284 1.03386
2 1.72261 -1.02285 1.03387
2 1.72348 -1.02285 1.03389
2 1.72435 -1.02286 1.03391
2 1.72522 -1.02286 1.03393
2 1.72609 -1.02287 1.03395
2 1.72696 -1.02287 1.03397
2 1.72783 -1.02288 1.03399
2 1.7287 -1.02288 1.03401
2 1.72957 -1.02289 1.03402
2 1.73043 -1.02289 1.03404
2 1.7313 -1.0229 1.03406
2 1.73217 -1.0229 1.03408
2 1.73304 -1.02291 1.0341
2 1.73391 -1.02291 1.03412
2 1.73478 -1.02292 1.03414
2 1.73565 -1.02292 1.03415
2 1.73652 -1.02292 1.03417
2 1.73739 -1.02293 1.03419
2 1.73826 -1.02293 1.03421
2 1.73913 -1.02294 1.03423
2 1.74 -1.02294 1.03425
2 1.74087 -1.02294 1.03427
2 1.74174 -1.02295 1.03429
2 1.74261 -1.02295 1.03431
2 1.74348 -1.02295 1.03433
2 1.74435 -1.02295 1.03436
2 1.74522 -1.02296 1.03438
2 1.74609 -1.02296 1.0344
2 1.74696 -1.02296 1.03442
2 1.74783 -1.02296 1.03444
2 1.7487 -1.02296 1.03446
2 1.74957 -1.02296 1.03448
2 1.75043 -1.02297 1.0345
2 1.7513 -1.02297 1.03452
2 1.75217 -1.02297 1.03454
2 1.75304 -1.02297 1.03456
2 1.75391 -1.02297 1.03458
2 1.75478 -1.02297 1.0346
2 1.75565 -1.02297 1.03462
2 1.75652 -1.02297 1.03464
2 1.75739 -1.02297 1.03466
2 1.75826 -1.02297 1.03469
2 1.75913 -1.02297 1.03471
2 1.76 -1.02297 1.03473
2 1.76087 -1.02297 1.03475
2 1.76174 -1.02297 1.03477
2 1.76261 -1.02297 1.0348
2 1.76348 -1.02297 1.03482
2 1.76435 -1.02297 1.03484
2 1.76522 -1.02297 1.03486
2 1.76609 -1.02297 1.03488
2 1.76696 -1.02297 1.0349
2 1.76783 -1.02297 1.03492
2 1.7687 -1.02296 1.03495
2 1.76957 -1.02296 1.03497
2 1.77043 -1.02296 1.03499
2 1.7713 -1.02296 1.03501
2 1.77217 -1.02296 1.03503
2 1.77304 -1.02296 1.03506
2 1.77391 -1.02296 1.03508
2 1.77478 -1.02296 1.0351
2 1.77565 -1.02296 1.03513
2 1.77652 -1.02296 1.03515
2 1.77739 -1.02296 1.03519
2 1.77826 -1.02295 1.03525
2 1.77913 -1.02295 1.03529
2 1.78 -1.02295 1.03532
2 1.78087 -1.02295 1.03536
2 1.78174 -1.02295 1.03539
2 1.78261 -1.02295 1.03542
2 1.78348 -1.02295 1.03544
2 1.78435 -1.02295 1.03548
2 1.78522 -1.02294 1.0355
2 1.78609 -1.02294 1.03551
2 1.78696 -1.02294 1.03554
2 1.78783 -1.02294 1.03557
2 1.7887 -1.02294 1.03559
2 1.78957 -1.02294 1.03562
2 1.79043 -1.02294 1.03565
2 1.7913 -1.02293 1.03567
2 1.79217 -1.02293 1.0357
2 1.79304 -1.02293 1.03572
2 1.79391 -1.02293 1.03575
2 1.79478 -1.02292 1.03577
2 1.79565 -1.02292 1.03579
2 1.79652 -1.02292 1.03582
2 1.79739 -1.02292 1.03584
2 1.79826 -1.02292 1.03587
2 1.79913 -1.02291 1.03589
2 1.8 -1.02291 1.03591
2 1.80087 -1.02291 1.03593
2 1.80174 -1.0229 1.03595
2 1.80261 -1.0229 1.03598
2 1.80348 -1.0229 1.036
2 1.80435 -1.0229 1.03602
2 1.80522 -1.02289 1.03604
2 1.80609 -1.02289 1.03606
2 1.80696 -1.02289 1.03608
2 1.80783 -1.02289 1.0361
2 1.8087 -1.02288 1.03613
2 1.80957 -1.02288 1.03615
2 1.81043 -1.02288 1.03617
2 1.8113 -1.02287 1.03619
2 1.81217 -1.02287 1.03622
2 1.81304 -1.02287 1.03624
2 1.81391 -1.02286 1.03626
2 1.81478 -1.02286 1.03629
2 1.81565 -1.02285 1.03631
2 1.81652 -1.02285 1.03633
2 1.81739 -1.02285 1.03636
2 1.81826 -1.02284 1.03638
2 1.81913 -1.02284 1.03641
2 1.82 -1.02283 1.03643
2 1.82087 -1.02283 1.03646
2 1.82174 -1.02282 1.03649
2 1.82261 -1.02282 1.03652
2 1.82348 -1.02281 1.03654
2 1.82435 -1.02281 1.03657
2 1.82522 -1.02281 1.0366
2 1.82609 -1.0228 1.03663
2 1.82696 -1.02279 1.03666
2 1.82783 -1.02279 1.03669
2 1.8287 -1.02278 1.03672
2 1.82957 -1.02278 1.03675
2 1.83043 -1.02277 1.03678
2 1.8313 -1.02277 1.03681
2 1.83217 -1.02277 1.03684
2 1.83304 -1.02276 1.03687
2 1.83391 -1.02276 1.0369
2 1.83478 -1.02275 1.03693
2 1.83565 -1.02275 1.03696
2 1.83652 -1.02274 1.03699
2 1.83739 -1.02274 1.03702
2 1.83826 -1.02274 1.03705
2 1.83913 -1.02273 1.03707
2 1.84 -1.02273 1.0371
2 1.84087 -1.02273 1.03713
2 1.84174 -1.02272 1.03716
2 1.84261 -1.02272 1.03718
2 1.84348 -1.02272 1.03721
2 1.84435 -1.02271 1.03724
2 1.84522 -1.02271 1.03726
2 1.84609 -1.02271 1.03729
2 1.84696 -1.0227 1.03732
2 1.84783 -1.0227 1.03734
2 1.8487 -1.02269 1.03737
2 1.84957 -1.02268 1.03739
2 1.85043 -1.02268 1.03742
2 1.8513 -1.02267 1.03744
2 1.85217 -1.02267 1.03747
2 1.85304 -1.02266 1.03749
2 1.85391 -1.02266 1.03752
2 1.85478 -1.02265 1.03754
2 1.85565 -1.02265 1.03757
2 1.85652 -1.02264 1.03759
2 1.85739 -1.02263 1.03761
2 1.85826 -1.02263 1.03764
2 1.85913 -1.02262 1.03766
2 1.86 -1.02262 1.03769
2 1.86087 -1.02261 1.03772
2 1.86174 -1.02261 1.03774
2 1.86261 -1.0226 1.03777
2 1.86348 -1.0226 1.0378
2 1.86435 -1.0226 1.03783
2 1.86522 -1.02259 1.03786
2 1.86609 -1.02259 1.03788
2 1.86696 -1.02258 1.03791
2 1.86783 -1.02258 1.03794
2 1.8687 -1.02258 1.03797
2 1.86957 -1.02257 1.038
2 1.87043 -1.02257 1.03803
2 1.8713 -1.02256 1.03806
2 1.87217 -1.02256 1.03809
2 1.87304 -1.02255 1.03812
2 1.87391 -1.02255 1.03815
2 1.87478 -1.02254 1.03818
2 1.87565 -1.02254 1.03821
2 1.87652 -1.02253 1.03824
2 1.87739 -1.02253 1.03827
2 1.87826 -1.02253 1.0383
2 1.87913 -1.02252 1.03833
2 1.88 -1.02252 1.03836
2 1.88087 -1.02252 1.03839
2 1.88174 -1.02251 1.03842
2 1.88261 -1.02251 1.03845
2 1.88348 -1.02251 1.03847
2 1.88435 -1.02251 1.0385
2 1.88522 -1.0225 1.03853
2 1.88609 -1.0225 1.03855
2 1.88696 -1.0225 1.03858
2 1.88783 -1.0225 1.0386
2 1.8887 -1.0225 1.03863
2 1.88957 -1.0225 1.03866
2 1.89043 -1.0225 1.03868
2 1.8913 -1.0225 1.03871
2 1.89217 -1.0225 1.03873
2 1.89304 -1.0225 1.03876
2 1.89391 -1.0225 1.03879
2 1.89478 -1.0225 1.03881
2 1.89565 -1.02251 1.03884
2 1.89652 -1.02251 1.03886
2 1.89739 -1.02251 1.03889
2 1.89826 -1.02251 1.03891
2 1.89913 -1.02252 1.03893
2 1.9 -1.02252 1.03895
2 1.90087 -1.02252 1.03898
2 1.90174 -1.02253 1.039
2 1.90261 -1.02253 1.03902
2 1.90348 -1.02253 1.03904
2 1.90435 -1.02254 1.03906
2 1.90522 -1.02254 1.03908
2 1.90609 -1.02254 1.03911
2 1.90696 -1.02254 1.03913
2 1.90783 -1.02254 1.03916
2 1.9087 -1.02254 1.03918
2 1.90957 -1.02255 1.0392
2 1.91043 -1.02254 1.03922
2 1.9113 -1.02254 1.03924
2 1.91217 -1.02255 1.03926
2 1.91304 -1.02255 1.03928
2 1.91391 -1.02255 1.03931
2 1.91478 -1.02256 1.03933
2 1.91565 -1.02256 1.03935
2 1.91652 -1.02256 1.03938
2 1.91739 -1.02257 1.0394
2 1.91826 -1.02257 1.03943
2 1.91913 -1.02257 1.03945
2 1.92 -1.02258 1.03947
2 1.92087 -1.02258 1.0395
2 1.92174 -1.02258 1.03953
2 1.92261 -1.02259 1.03956
2 1.92348 -1.02259 1.03959
2 1.92435 -1.0226 1.03962
2 1.92522 -1.0226 1.03965
2 1.92609 -1.02261 1.03968
2 1.92696 -1.02261 1.0397
2 1.92783 -1.02262 1.03972
2 1.9287 -1.02262 1.03974
2 1.92957 -1.02263 1.03977
2 1.93043 -1.02263 1.03979
2 1.9313 -1.02264 1.03981
2 1.93217 -1.02264 1.03983
2 1.93304 -1.02264 1.03985
2 1.93391 -1.02264 1.03987
2 1.93478 -1.02265 1.03989
2 1.93565 -1.02265 1.03991
2 1.93652 -1.02265 1.03993
2 1.93739 -1.02266 1.03995
2 1.93826 -1.02266 1.03997
2 1.93913 -1.02266 1.03999
2 1.94 -1.02266 1.04002
2 1.94087 -1.02267 1.04004
2 1.94174 -1.02267 1.04007
2 1.94261 -1.02267 1.04009
2 1.94348 -1.02267 1.04011
2 1.94435 -1.02268 1.04013
2 1.94522 -1.02268 1.04016
2 1.94609 -1.02268 1.04018
2 1.94696 -1.02268 1.04021
2 1.94783 -1.02268 1.04024
2 1.9487 -1.02269 1.04026
2 1.94957 -1.02269 1.04029
2 1.95043 -1.02269 1.04031
2 1.9513 -1.0227 1.04034
2 1.95217 -1.0227 1.04036
2 1.95304 -1.0227 1.04038
2 1.95391 -1.0227 1.0404
2 1.95478 -1.0227 1.04042
2 1.95565 -1.0227 1.04045
2 1.95652 -1.02271 1.04046
2 1.95739 -1.02271 1.04049
2 1.95826 -1.02271 1.04051
2 1.95913 -1.02271 1.04053
2 1.96 -1.02271 1.04055
2 1.96087 -1.02272 1.04058
2 1.96174 -1.02272 1.0406
2 1.96261 -1.02272 1.04063
2 1.96348 -1.02272 1.04066
2 1.96435 -1.02272 1.04068
2 1.96522 -1.02272 1.0407
2 1.96609 -1.02272 1.04073
2 1.96696 -1.02272 1.04075
2 1.96783 -1.02272 1.04077
2 1.9687 -1.02272 1.04079
2 1.96957 -1.02271 1.04081
2 1.97043 -1.02271 1.04083
2 1.9713 -1.02271 1.04085
2 1.97217 -1.02271 1.04088
2 1.97304 -1.02271 1.0409
2 1.97391 -1.02271 1.04092
2 1.97478 -1.02271 1.04094
2 1.97565 -1.02271 1.04097
2 1.97652 -1.0227 1.04099
2 1.97739 -1.0227 1.04101
2 1.97826 -1.0227 1.04104
2 1.97913 -1.0227 1.04106
2 1.98 -1.0227 1.04108
2 1.98087 -1.02271 1.0411
2 1.98174 -1.02271 1.04112
2 1.98261 -1.02271 1.04115
2 1.98348 -1.02271 1.04118
2 1.98435 -1.02271 1.0412
2 1.98522 -1.02272 1.04123
2 1.98609 -1.02272 1.04126
2 1.98696 -1.02272 1.04128
2 1.98783 -1.02273 1.04131
2 1.9887 -1.02273 1.04133
2 1.98957 -1.02273 1.04135
2 1.99043 -1.02274 1.04138
2 1.9913 -1.02274 1.04141
2 1.99217 -1.02275 1.04143
2 1.99304 -1.02275 1.04146
2 1.99391 -1.02275 1.04149
2 1.99478 -1.02275 1.04152
2 1.99565 -1.02276 1.04154
2 1.99652 -1.02276 1.04157
2 1.99739 -1.02276 1.0416
2 1.99826 -1.02277 1.04162
2 1.99913 -1.02277 1.04165
2 2 -1.02277 1.04168
2 2.00087 -1.02283 1.04173
2 2.00174 -1.02289 1.04178
2 2.00261 -1.02293 1.04183
2 2.00348 -1.02297 1.04188
2 2.00435 -1.023 1.04192
2 2.00522 -1.02303 1.04196
2 2.00609 -1.02305 1.042
2 2.00696 -1.02308 1.04205
2 2.00783 -1.0231 1.04209
2 2.0087 -1.02312 1.04213
2 2.00957 -1.02314 1.04216
2 2.01043 -1.02316 1.0422
2 2.0113 -1.02317 1.04224
2 2.01217 -1.02319 1.04227
2 2.01304 -1.0232 1.0423
2 2.01391 -1.02322 1.04234
2 2.01478 -1.02323 1.04237
2 2.01565 -1.02324 1.04241
2 2.01652 -1.02325 1.04244
2 2.01739 -1.02326 1.04247
2 2.01826 -1.02327 1.04251
2 2.01913 -1.02328 1.04255
2 2.02 -1.0233 1.04258
2 2.02087 -1.02331 1.04261
2 2.02174 -1.02332 1.04265
2 2.02261 -1.02333 1.04268
2 2.02348 -1.02333 1.04272
2 2.02435 -1.02334 1.04275
2 2.02522 -1.02335 1.04279
2 2.02609 -1.02335 1.04282
2 2.02696 -1.02336 1.04286
2 2.02783 -1.02336 1.0429
2 2.0287 -1.02337 1.04293
2 2.02957 -1.02337 1.04297
2 2.03043 -1.02338 1.04305
2 2.0313 -1.02338 1.04312
2 2.03217 -1.02338 1.04318
2 2.03304 -1.02339 1.04323
2 2.03391 -1.02339 1.04327
2 2.03478 -1.02339 1.04331
2 2.03565 -1.02338 1.04336
2 2.03652 -1.02339 1.04339
2 2.03739 -1.02338 1.04343
2 2.03826 -1.02338 1.04347
2 2.03913 -1.02338 1.04351
2 2.04 -1.02339 1.04355
2 2.04087 -1.02339 1.04358
2 2.04174 -1.02339 1.04361
2 2.04261 -1.02339 1.04365
2 2.04348 -1.02339 1.04368
2 2.04435 -1.02339 1.04371
2 2.04522 -1.0234 1.04375
2 2.04609 -1.0234 1.04378
2 2.04696 -1.0234 1.04381
2 2.04783 -1.0234 1.04384
2 2.0487 -1.02341 1.04387
2 2.04957 -1.02341 1.0439
2 2.05043 -1.02341 1.04394
2 2.0513 -1.02342 1.04397
2 2.05217 -1.02342 1.044
2 2.05304 -1.02342 1.04403
2 2.05391 -1.02343 1.04406
2 2.05478 -1.02343 1.04409
2 2.05565 -1.02343 1.04412
3 2.05652 -1.02344 1.04415
3 2.05739 -1.02344 1.04418
3 2.05826 -1.02344 1.04422
3 2.05913 -1.02345 1.04425
3 2.06 -1.02345 1.04428
3 2.06087 -1.02345 1.04431
3 2.06174 -1.02344 1.04434
3 2.06261 -1.02344 1.04437
3 2.06348 -1.02344 1.0444
3 2.06435 -1.02345 1.04443
3 2.06522 -1.02344 1.04447
3 2.06609 -1.02345 1.0445
3 2.06696 -1.02345 1.04452
3 2.06783 -1.02345 1.04455
3 2.0687 -1.02345 1.04458
3 2.06957 -1.02345 1.04461
3 2.07043 -1.02346 1.04464
3 2.0713 -1.02346 1.04467
2 2.07217 -1.02346 1.04469
2 2.07304 -1.02347 1.04472
2 2.07391 -1.02347 1.04475
2 2.07478 -1.02347 1.04478
2 2.07565 -1.02348 1.0448
2 2.07652 -1.02348 1.04483
2 2.07739 -1.02348 1.04486
2 2.07826 -1.02349 1.04489
2 2.07913 -1.02349 1.04491
2 2.08 -1.02349 1.04494
2 2.08087 -1.0235 1.04497
2 2.08174 -1.0235 1.045
2 2.08261 -1.0235 1.04502
2 2.08348 -1.0235 1.04505
2 2.08435 -1.02351 1.04508
2 2.08522 -1.02351 1.0451
2 2.08609 -1.02351 1.04513
2 2.08696 -1.02351 1.04516
2 2.08783 -1.02352 1.04519
2 2.0887 -1.02352 1.04522
2 2.08957 -1.02352 1.04524
2 2.09043 -1.02353 1.04527
2 2.0913 -1.02354 1.04529
2 2.09217 -1.02355 1.04532
2 2.09304 -1.02355 1.04535
2 2.09391 -1.02356 1.04537
2 2.09478 -1.02356 1.0454
2 2.09565 -1.02357 1.04542
2 2.09652 -1.02358 1.04545
2 2.09739 -1.02359 1.04547
2 2.09826 -1.0236 1.0455
2 2.09913 -1.02361 1.04552
2 2.1 -1.02362 1.04555
2 2.10087 -1.02363 1.04557
2 2.10174 -1.02364 1.04559
2 2.10261 -1.02365 1.04562
2 2.10348 -1.02366 1.04564
2 2.10435 -1.02366 1.04566
2 2.10522 -1.02367 1.04569
2 2.10609 -1.02368 1.04571
2 2.10696 -1.02369 1.04573
2 2.10783 -1.0237 1.04576
2 2.1087 -1.02371 1.04578
2 2.10957 -1.02372 1.0458
2 2.11043 -1.02372 1.04582
2 2.1113 -1.02373 1.04585
2 2.11217 -1.02373 1.04587
2 2.11304 -1.02374 1.04589
2 2.11391 -1.02375 1.04592
2 2.11478 -1.02376 1.04594
2 2.11565 -1.02377 1.04596
2 2.11652 -1.02377 1.04599
2 2.11739 -1.02378 1.04601
2 2.11826 -1.02379 1.04603
2 2.11913 -1.02379 1.04605
2 2.12 -1.0238 1.04608
2 2.12087 -1.0238 1.0461
2 2.12174 -1.02381 1.04612
2 2.12261 -1.02382 1.04615
2 2.12348 -1.02383 1.04617
2 2.12435 -1.02383 1.0462
2 2.12522 -1.02384 1.04622
2 2.12609 -1.02385 1.04624
2 2.12696 -1.02386 1.04626
2 2.12783 -1.02387 1.04629
2 2.1287 -1.02388 1.04631
2 2.12957 -1.02389 1.04633
2 2.13043 -1.02389 1.04635
2 2.1313 -1.0239 1.04637
2 2.13217 -1.02391 1.04639
2 2.13304 -1.02392 1.04641
2 2.13391 -1.02392 1.04644
2 2.13478 -1.02393 1.04646
2 2.13565 -1.02394 1.04648
2 2.13652 -1.02394 1.0465
2 2.13739 -1.02395 1.04652
2 2.13826 -1.02396 1.04654
2 2.13913 -1.02397 1.04656
2 2.14 -1.02398 1.04659
2 2.14087 -1.02399 1.04661
2 2.14174 -1.024 1.04663
2 2.14261 -1.02401 1.04665
2 2.14348 -1.02402 1.04667
2 2.14435 -1.02403 1.04669
2 2.14522 -1.02404 1.04671
2 2.14609 -1.02405 1.04673
2 2.14696 -1.02406 1.04675
2 2.14783 -1.02408 1.04677
2 2.1487 -1.02409 1.04679
2 2.14957 -1.02411 1.04681
2 2.15043 -1.02412 1.04683
2 2.1513 -1.02413 1.04685
2 2.15217 -1.02414 1.04687
3 2.15304 -1.02415 1.04688
2 2.15391 -1.02416 1.04691
2 2.15478 -1.02416 1.04693
2 2.15565 -1.02416 1.04695
2 2.15652 -1.02417 1.04697
2 2.15739 -1.02418 1.04699
2 2.15826 -1.02418 1.04701
2 2.15913 -1.02419 1.04703
2 2.16 -1.0242 1.04705
2 2.16087 -1.0242 1.04708
2 2.16174 -1.02421 1.0471
2 2.16261 -1.02422 1.04712
2 2.16348 -1.02422 1.04715
2 2.16435 -1.02423 1.04717
2 2.16522 -1.02424 1.04719
2 2.16609 -1.02425 1.04722
2 2.16696 -1.02426 1.04724
2 2.16783 -1.02426 1.04726
2 2.1687 -1.02427 1.04728
2 2.16957 -1.02427 1.04731
2 2.17043 -1.02428 1.04733
2 2.1713 -1.02429 1.04735
2 2.17217 -1.0243 1.04737
2 2.17304 -1.02432 1.0474
2 2.17391 -1.02432 1.04742
2 2.17478 -1.02433 1.04744
2 2.17565 -1.02434 1.04746
2 2.17652 -1.02435 1.04748
2 2.17739 -1.02436 1.04749
2 2.17826 -1.02437 1.04749
2 2.17913 -1.02438 1.04749
2 2.18 -1.02438 1.04751
2 2.18087 -1.02439 1.04752
2 2.18174 -1.0244 1.04753
2 2.18261 -1.0244 1.04754
2 2.18348 -1.02441 1.04754
2 2.18435 -1.02442 1.04755
2 2.18522 -1.02442 1.04756
2 2.18609 -1.02443 1.04757
2 2.18696 -1.02443 1.04758
2 2.18783 -1.02444 1.04759
2 2.1887 -1.02444 1.04761
2 2.18957 -1.02445 1.04762
2 2.19043 -1.02446 1.04764
2 2.1913 -1.02447 1.04766
2 2.19217 -1.02448 1.04767
2 2.19304 -1.02448 1.04769
2 2.19391 -1.02449 1.0477
2 2.19478 -1.0245 1.04772
2 2.19565 -1.0245 1.04775
2 2.19652 -1.02451 1.04776
2 2.19739 -1.02452 1.04778
2 2.19826 -1.02453 1.04779
2 2.19913 -1.02454 1.0478
2 2.2 -1.02455 1.04781
2 2.20087 -1.02456 1.04783
2 2.20174 -1.02457 1.04784
2 2.20261 -1.02459 1.04786
2 2.20348 -1.0246 1.04787
2 2.20435 -1.02461 1.04789
2 2.20522 -1.02462 1.0479
2 2.20609 -1.02463 1.04793
2 2.20696 -1.02464 1.04794
2 2.20783 -1.02465 1.04795
2 2.2087 -1.02466 1.04797
2 2.20957 -1.02468 1.04799
2 2.21043 -1.02469 1.04801
2 2.2113 -1.02469 1.04803
2 2.21217 -1.02471 1.04805
2 2.21304 -1.02472 1.04807
2 2.21391 -1.02473 1.04809
2 2.21478 -1.02474 1.04811
2 2.21565 -1.02475 1.04812
2 2.21652 -1.02477 1.04814
2 2.21739 -1.02478 1.04815
2 2.21826 -1.02479 1.04816
2 2.21913 -1.0248 1.04818
2 2.22 -1.02481 1.04819
2 2.22087 -1.02482 1.04821
2 2.22174 -1.02483 1.04823
2 2.22261 -1.02483 1.04825
2 2.22348 -1.02484 1.04827
2 2.22435 -1.02485 1.04828
2 2.22522 -1.02486 1.0483
2 2.22609 -1.02487 1.04831
2 2.22696 -1.02489 1.04833
2 2.22783 -1.0249 1.04835
2 2.2287 -1.02491 1.04838
2 2.22957 -1.02491 1.04839
2 2.23043 -1.02492 1.04841
2 2.2313 -1.02493 1.04843
2 2.23217 -1.02493 1.04845
2 2.23304 -1.02493 1.04846
2 2.23391 -1.02494 1.04847
2 2.23478 -1.02494 1.04849
2 2.23565 -1.02495 1.04851
2 2.23652 -1.02496 1.04853
2 2.23739 -1.02496 1.04854
2 2.23826 -1.02497 1.04856
2 2.23913 -1.02498 1.04858
2 2.24 -1.02498 1.04859
2 2.24087 -1.02499 1.04861
2 2.24174 -1.025 1.04862
2 2.24261 -1.025 1.04864
2 2.24348 -1.02501 1.04865
2 2.24435 -1.02502 1.04866
2 2.24522 -1.02503 1.04868
2 2.24609 -1.02504 1.04869
2 2.24696 -1.02505 1.0487
2 2.24783 -1.02506 1.04872
2 2.2487 -1.02507 1.04873
2 2.24957 -1.02508 1.04875
2 2.25043 -1.02509 1.04876
2 2.2513 -1.0251 1.04878
2 2.25217 -1.0251 1.0488
2 2.25304 -1.02511 1.04881
2 2.25391 -1.02512 1.04882
2 2.25478 -1.02513 1.04884
2 2.25565 -1.02514 1.04886
2 2.25652 -1.02515 1.04887
2 2.25739 -1.02516 1.04889
2 2.25826 -1.02516 1.04891
2 2.25913 -1.02517 1.04893
2 2.26 -1.02518 1.04894
2 2.26087 -1.02519 1.04896
2 2.26174 -1.0252 1.04898
2 2.26261 -1.02522 1.049
2 2.26348 -1.02523 1.04902
2 2.26435 -1.02525 1.04904
2 2.26522 -1.02526 1.04905
2 2.26609 -1.02528 1.04908
2 2.26696 -1.02529 1.04909
2 2.26783 -1.0253 1.04911
2 2.2687 -1.02531 1.04914
2 2.26957 -1.02532 1.04916
2 2.27043 -1.02533 1.04917
2 2.2713 -1.02534 1.04919
2 2.27217 -1.02536 1.04921
2 2.27304 -1.02537 1.04923
2 2.27391 -1.02539 1.04925
2 2.27478 -1.0254 1.04927
2 2.27565 -1.02542 1.04929
2 2.27652 -1.02544 1.04932
2 2.27739 -1.02546 1.04934
2 2.27826 -1.02548 1.04936
2 2.27913 -1.0255 1.04938
2 2.28 -1.02551 1.04941
2 2.28087 -1.02553 1.04943
2 2.28174 -1.02554 1.04945
2 2.28261 -1.02555 1.04947
2 2.28348 -1.02556 1.04949
2 2.28435 -1.02558 1.04952
2 2.28522 -1.02559 1.04954
2 2.28609 -1.02561 1.04956
2 2.28696 -1.02562 1.04959
2 2.28783 -1.02564 1.04961
2 2.2887 -1.02565 1.04963
2 2.28957 -1.02566 1.04965
2 2.29043 -1.02568 1.04967
2 2.2913 -1.02569 1.04969
2 2.29217 -1.02571 1.04971
2 2.29304 -1.02573 1.04974
2 2.29391 -1.02575 1.04976
2 2.29478 -1.02577 1.04978
2 2.29565 -1.02579 1.0498
2 2.29652 -1.0258 1.04983
2 2.29739 -1.02581 1.04985
2 2.29826 -1.02583 1.04987
2 2.29913 -1.02584 1.04989
2 2.3 -1.02585 1.04992
2 2.30087 -1.02587 1.04994
2 2.30174 -1.02589 1.04997
2 2.30261 -1.0259 1.05
2 2.30348 -1.02591 1.05002
2 2.30435 -1.02593 1.05004
2 2.30522 -1.02595 1.05006
2 2.30609 -1.02596 1.05009
2 2.30696 -1.02598 1.05011
2 2.30783 -1.02599 1.05014
2 2.3087 -1.02601 1.05016
2 2.30957 -1.02603 1.05018
2 2.31043 -1.02605 1.0502
2 2.3113 -1.02606 1.05022
2 2.31217 -1.02608 1.05025
2 2.31304 -1.0261 1.05027
2 2.31391 -1.02612 1.0503
2 2.31478 -1.02613 1.05032
2 2.31565 -1.02616 1.05034
2 2.31652 -1.02618 1.05036
2 2.31739 -1.0262 1.05038
2 2.31826 -1.02621 1.05041
2 2.31913 -1.02623 1.05043
2 2.32 -1.02624 1.05045
2 2.32087 -1.02626 1.05048
2 2.32174 -1.02627 1.0505
2 2.32261 -1.02628 1.05053
2 2.32348 -1.0263 1.05055
2 2.32435 -1.02631 1.05058
2 2.32522 -1.02633 1.0506
2 2.32609 -1.02634 1.05063
2 2.32696 -1.02636 1.05066
2 2.32783 -1.02637 1.05068
2 2.3287 -1.02638 1.0507
2 2.32957 -1.0264 1.05073
2 2.33043 -1.02641 1.05075
2 2.3313 -1.02642 1.05078
2 2.33217 -1.02643 1.05083
2 2.33304 -1.02644 1.05088
2 2.33391 -1.02645 1.05093
2 2.33478 -1.02645 1.05094
2 2.33565 -1.02646 1.05096
2 2.33652 -1.02647 1.051
2 2.33739 -1.02648 1.05103
2 2.33826 -1.02648 1.05106
2 2.33913 -1.02649 1.05109
2 2.34 -1.02649 1.05111
2 2.34087 -1.0265 1.05114
2 2.34174 -1.0265 1.05116
2 2.34261 -1.02651 1.05119
2 2.34348 -1.02652 1.05121
2 2.34435 -1.02653 1.05123
2 2.34522 -1.02654 1.05126
2 2.34609 -1.02654 1.05128
2 2.34696 -1.02655 1.05131
2 2.34783 -1.02656 1.05133
2 2.3487 -1.02656 1.05136
2 2.34957 -1.02656 1.05138
2 2.35043 -1.02657 1.0514
2 2.3513 -1.02658 1.05143
2 2.35217 -1.02658 1.05146
2 2.35304 -1.02659 1.05148
2 2.35391 -1.0266 1.05151
2 2.35478 -1.0266 1.05153
2 2.35565 -1.02661 1.05156
2 2.35652 -1.02662 1.05159
2 2.35739 -1.02662 1.05162
2 2.35826 -1.02663 1.05164
2 2.35913 -1.02664 1.05167
2 2.36 -1.02665 1.0517
2 2.36087 -1.02665 1.05173
2 2.36174 -1.02666 1.05175
2 2.36261 -1.02667 1.05178
2 2.36348 -1.02668 1.0518
2 2.36435 -1.02669 1.05182
2 2.36522 -1.02669 1.05185
2 2.36609 -1.0267 1.05188
2 2.36696 -1.02671 1.0519
2 2.36783 -1.02671 1.05193
2 2.3687 -1.02672 1.05196
2 2.36957 -1.02672 1.05198
2 2.37043 -1.02673 1.052
2 2.3713 -1.02673 1.05203
2 2.37217 -1.02674 1.05206
2 2.37304 -1.02674 1.05208
2 2.37391 -1.02674 1.0521
2 2.37478 -1.02674 1.05213
2 2.37565 -1.02674 1.05216
2 2.37652 -1.02674 1.05219
2 2.37739 -1.02675 1.05222
2 2.37826 -1.02675 1.05225
2 2.37913 -1.02675 1.05228
2 2.38 -1.02676 1.05231
2 2.38087 -1.02676 1.05233
2 2.38174 -1.02676 1.05236
2 2.38261 -1.02676 1.05239
2 2.38348 -1.02677 1.05242
2 2.38435 -1.02678 1.05245
2 2.38522 -1.02678 1.05247
2 2.38609 -1.02679 1.0525
2 2.38696 -1.02679 1.05253
2 2.38783 -1.0268 1.05255
2 2.3887 -1.0268 1.05258
2 2.38957 -1.02681 1.05261
2 2.39043 -1.02681 1.05264
2 2.3913 -1.02682 1.05266
2 2.39217 -1.02682 1.05269
2 2.39304 -1.02683 1.05271
2 2.39391 -1.02683 1.05274
2 2.39478 -1.02683 1.05276
2 2.39565 -1.02683 1.05279
2 2.39652 -1.02683 1.05282
2 2.39739 -1.02683 1.05285
2 2.39826 -1.02684 1.05288
2 2.39913 -1.02684 1.0529
2 2.4 -1.02685 1.05293
2 2.40087 -1.02685 1.05296
2 2.40174 -1.02685 1.05298
2 2.40261 -1.02685 1.05301
2 2.40348 -1.02686 1.05304
2 2.40435 -1.02686 1.05307
2 2.40522 -1.02687 1.05309
2 2.40609 -1.02687 1.05312
2 2.40696 -1.02688 1.05315
2 2.40783 -1.02688 1.05318
2 2.4087 -1.02689 1.0532
2 2.40957 -1.02689 1.05323
2 2.41043 -1.0269 1.05325
2 2.4113 -1.0269 1.05328
2 2.41217 -1.0269 1.05331
2 2.41304 -1.02691 1.05333
2 2.41391 -1.02691 1.05336
2 2.41478 -1.02691 1.05338
2 2.41565 -1.02692 1.05341
2 2.41652 -1.02692 1.05344
2 2.41739 -1.02692 1.05346
2 2.41826 -1.02692 1.05349
2 2.41913 -1.02692 1.05351
2 2.42 -1.02692 1.05354
2 2.42087 -1.02692 1.05356
2 2.42174 -1.02691 1.05359
2 2.42261 -1.02691 1.05362
2 2.42348 -1.02691 1.05364
2 2.42435 -1.02692 1.05367
2 2.42522 -1.02691 1.05369
2 2.42609 -1.02691 1.05372
2 2.42696 -1.02691 1.05374
2 2.42783 -1.02691 1.05377
2 2.4287 -1.02691 1.05379
2 2.42957 -1.02691 1.05382
2 2.43043 -1.02691 1.05384
2 2.4313 -1.02692 1.05386
2 2.43217 -1.02692 1.05389
2 2.43304 -1.02692 1.05391
2 2.43391 -1.02692 1.05393
2 2.43478 -1.02692 1.05396
2 2.43565 -1.02692 1.05398
2 2.43652 -1.02692 1.054
2 2.43739 -1.02692 1.05402
2 2.43826 -1.02692 1.05405
2 2.43913 -1.02692 1.05407
2 2.44 -1.02692 1.05409
2 2.44087 -1.02692 1.05411
2 2.44174 -1.02692 1.05414
2 2.44261 -1.02692 1.05416
2 2.44348 -1.02692 1.05418
2 2.44435 -1.02692 1.05421
2 2.44522 -1.02692 1.05423
2 2.44609 -1.02692 1.05425
2 2.44696 -1.02692 1.05427
2 2.44783 -1.02692 1.0543
2 2.4487 -1.02692 1.05432
2 2.44957 -1.02692 1.05434
2 2.45043 -1.02692 1.05436
2 2.4513 -1.02692 1.05438
2 2.45217 -1.02692 1.0544
2 2.45304 -1.02692 1.05443
2 2.45391 -1.02693 1.05445
2 2.45478 -1.02693 1.05447
2 2.45565 -1.02693 1.05449
2 2.45652 -1.02693 1.05451
2 2.45739 -1.02693 1.05453
2 2.45826 -1.02693 1.05455
2 2.45913 -1.02693 1.05457
2 2.46 -1.02693 1.05459
2 2.46087 -1.02694 1.05461
2 2.46174 -1.02694 1.05463
2 2.46261 -1.02694 1.05465
2 2.46348 -1.02694 1.05467
3 2.46435 -1.02694 1.05469
2 2.46522 -1.02694 1.05471
2 2.46609 -1.02694 1.05473
2 2.46696 -1.02694 1.05475
2 2.46783 -1.02695 1.05478
2 2.4687 -1.02695 1.0548
2 2.46957 -1.02695 1.05482
2 2.47043 -1.02695 1.05484
2 2.4713 -1.02695 1.05487
2 2.47217 -1.02695 1.05489
2 2.47304 -1.02695 1.05491
2 2.47391 -1.02696 1.05493
2 2.47478 -1.02696 1.05495
2 2.47565 -1.02696 1.05497
2 2.47652 -1.02696 1.05499
2 2.47739 -1.02696 1.05501
2 2.47826 -1.02696 1.05504
2 2.47913 -1.02697 1.05506
2 2.48 -1.02697 1.05508
2 2.48087 -1.02697 1.0551
2 2.48174 -1.02697 1.05512
2 2.48261 -1.02697 1.05514
2 2.48348 -1.02697 1.05516
2 2.48435 -1.02697 1.05518
2 2.48522 -1.02697 1.0552
2 2.48609 -1.02697 1.05522
2 2.48696 -1.02696 1.05524
2 2.48783 -1.02696 1.05526
2 2.4887 -1.02696 1.05528
2 2.48957 -1.02696 1.0553
2 2.49043 -1.02696 1.05532
2 2.4913 -1.02696 1.05535
2 2.49217 -1.02695 1.05537
2 2.49304 -1.02695 1.05539
2 2.49391 -1.02695 1.05541
2 2.49478 -1.02694 1.05544
2 2.49565 -1.02694 1.05546
2 2.49652 -1.02693 1.05548
2 2.49739 -1.02693 1.0555
2 2.49826 -1.02693 1.05552
2 2.49913 -1.02693 1.05555
2 2.5 -1.02692 1.05557
2 2.50087 -1.02692 1.0556
2 2.50174 -1.02691 1.05562
2 2.50261 -1.02691 1.05564
2 2.50348 -1.0269 1.05567
2 2.50435 -1.0269 1.05569
2 2.50522 -1.02689 1.05571
2 2.50609 -1.02689 1.05574
2 2.50696 -1.02689 1.05576
2 2.50783 -1.02688 1.05579
2 2.5087 -1.02688 1.05581
2 2.50957 -1.02687 1.05583
2 2.51043 -1.02687 1.05586
2 2.5113 -1.02687 1.05588
2 2.51217 -1.02686 1.05591
2 2.51304 -1.02686 1.05594
2 2.51391 -1.02686 1.05596
2 2.51478 -1.02686 1.05599
2 2.51565 -1.02685 1.05601
2 2.51652 -1.02685 1.05604
2 2.51739 -1.02685 1.05606
2 2.51826 -1.02684 1.05609
2 2.51913 -1.02684 1.05612
2 2.52 -1.02684 1.05614
2 2.52087 -1.02684 1.05616
2 2.52174 -1.02683 1.05618
2 2.52261 -1.02683 1.05621
2 2.52348 -1.02683 1.05623
2 2.52435 -1.02683 1.05626
2 2.52522 -1.02683 1.05628
2 2.52609 -1.02684 1.05631
2 2.52696 -1.02684 1.05633
2 2.52783 -1.02683 1.05636
2 2.5287 -1.02683 1.05638
2 2.52957 -1.02683 1.05641
2 2.53043 -1.02682 1.05643
2 2.5313 -1.02682 1.05646
2 2.53217 -1.02682 1.05649
2 2.53304 -1.02681 1.05652
2 2.53391 -1.02681 1.05655
2 2.53478 -1.02681 1.05657
2 2.53565 -1.0268 1.0566
2 2.53652 -1.02675 1.05663
2 2.53739 -1.02671 1.05665
2 2.53826 -1.0267 1.05668
2 2.53913 -1.02669 1.0567
2 2.54 -1.02668 1.05673
2 2.54087 -1.02668 1.05675
2 2.54174 -1.02667 1.05678
2 2.54261 -1.02666 1.0568
2 2.54348 -1.02665 1.05683
2 2.54435 -1.02665 1.05685
2 2.54522 -1.02664 1.05688
2 2.54609 -1.02664 1.05691
2 2.54696 -1.02664 1.05693
2 2.54783 -1.02663 1.05696
2 2.5487 -1.02664 1.05698
2 2.54957 -1.02663 1.05701
2 2.55043 -1.02664 1.05703
2 2.5513 -1.02663 1.05706
2 2.55217 -1.02664 1.05708
2 2.55304 -1.02664 1.05711
2 2.55391 -1.02665 1.05714
2 2.55478 -1.02665 1.05717
2 2.55565 -1.02665 1.05719
2 2.55652 -1.02666 1.05722
2 2.55739 -1.02666 1.05725
2 2.55826 -1.02665 1.05727
2 2.55913 -1.02665 1.0573
2 2.56 -1.02665 1.05733
2 2.56087 -1.02665 1.05735
2 2.56174 -1.02665 1.05738
2 2.56261 -1.02665 1.0574
2 2.56348 -1.02665 1.05743
2 2.56435 -1.02665 1.05745
2 2.56522 -1.02665 1.05748
2 2.56609 -1.02665 1.05751
2 2.56696 -1.02665 1.05753
2 2.56783 -1.02664 1.05756
2 2.5687 -1.02664 1.0576
2 2.56957 -1.02664 1.05762
2 2.57043 -1.02663 1.05765
2 2.5713 -1.02663 1.05768
2 2.57217 -1.02663 1.05771
2 2.57304 -1.02663 1.05775
2 2.57391 -1.02663 1.05778
2 2.57478 -1.02663 1.05781
2 2.57565 -1.02663 1.05784
2 2.57652 -1.02663 1.05787
2 2.57739 -1.02662 1.0579
2 2.57826 -1.02662 1.05793
2 2.57913 -1.02662 1.05796
2 2.58 -1.02662 1.05799
2 2.58087 -1.02662 1.05802
2 2.58174 -1.02661 1.05805
2 2.58261 -1.02661 1.05808
2 2.58348 -1.02661 1.05811
2 2.58435 -1.02661 1.05813
2 2.58522 -1.02661 1.05816
2 2.58609 -1.02661 1.05819
2 2.58696 -1.0266 1.05821
2 2.58783 -1.0266 1.05824
2 2.5887 -1.0266 1.05827
2 2.58957 -1.0266 1.05829
2 2.59043 -1.0266 1.05831
2 2.5913 -1.02661 1.05834
2 2.59217 -1.02661 1.05836
2 2.59304 -1.02662 1.05838
2 2.59391 -1.02662 1.05839
2 2.59478 -1.02662 1.05841
2 2.59565 -1.02663 1.05843
2 2.59652 -1.02663 1.05845
2 2.59739 -1.02664 1.05847
2 2.59826 -1.02664 1.05849
2 2.59913 -1.02664 1.05851
2 2.6 -1.02664 1.05853
2 2.60087 -1.02663 1.05856
2 2.60174 -1.02664 1.05858
2 2.60261 -1.02664 1.05861
2 2.60348 -1.02664 1.05868
2 2.60435 -1.02664 1.05873
2 2.60522 -1.02664 1.05878
2 2.60609 -1.02664 1.05882
2 2.60696 -1.02665 1.05885
2 2.60783 -1.02665 1.05889
2 2.6087 -1.02665 1.05892
2 2.60957 -1.02665 1.05895
2 2.61043 -1.02665 1.05897
2 2.6113 -1.02665 1.059
2 2.61217 -1.02665 1.05902
2 2.61304 -1.02665 1.05904
2 2.61391 -1.02664 1.05906
2 2.61478 -1.02664 1.05908
2 2.61565 -1.02664 1.05911
2 2.61652 -1.02664 1.05913
2 2.61739 -1.02664 1.05916
2 2.61826 -1.02664 1.05919
2 2.61913 -1.02663 1.05921
2 2.62 -1.02663 1.05924
2 2.62087 -1.02664 1.05926
2 2.62174 -1.02664 1.05929
2 2.62261 -1.02664 1.05931
2 2.62348 -1.02664 1.05934
2 2.62435 -1.02664 1.05936
2 2.62522 -1.02665 1.05939
2 2.62609 -1.02665 1.05941
2 2.62696 -1.02665 1.05943
2 2.62783 -1.02666 1.05946
2 2.6287 -1.02666 1.05948
2 2.62957 -1.02667 1.0595
2 2.63043 -1.02667 1.05953
2 2.6313 -1.02668 1.05955
2 2.63217 -1.02668 1.05957
2 2.63304 -1.02669 1.0596
2 2.63391 -1.02669 1.05962
2 2.63478 -1.0267 1.05964
2 2.63565 -1.02671 1.05967
2 2.63652 -1.02671 1.05969
2 2.63739 -1.02672 1.05971
2 2.63826 -1.02672 1.05973
2 2.63913 -1.02672 1.05975
2 2.64 -1.02673 1.05977
2 2.64087 -1.02673 1.05979
2 2.64174 -1.02674 1.0598
2 2.64261 -1.02674 1.05982
2 2.64348 -1.02674 1.05984
2 2.64435 -1.02674 1.05986
2 2.64522 -1.02674 1.05988
2 2.64609 -1.02674 1.0599
2 2.64696 -1.02675 1.05992
2 2.64783 -1.02676 1.05993
2 2.6487 -1.02676 1.05995
2 2.64957 -1.02676 1.05997
2 2.65043 -1.02677 1.05999
2 2.6513 -1.02678 1.06001
2 2.65217 -1.02679 1.06003
2 2.65304 -1.0268 1.06005
2 2.65391 -1.0268 1.06007
2 2.65478 -1.02681 1.06009
2 2.65565 -1.02682 1.06011
2 2.65652 -1.02683 1.06013
2 2.65739 -1.02684 1.06015
2 2.65826 -1.02684 1.06017
2 2.65913 -1.02685 1.06019
2 2.66 -1.02685 1.06021
2 2.66087 -1.02685 1.06024
2 2.66174 -1.02685 1.06026
2 2.66261 -1.02686 1.06028
2 2.66348 -1.02687 1.06031
2 2.66435 -1.02688 1.06033
2 2.66522 -1.02689 1.06036
2 2.66609 -1.02689 1.06038
2 2.66696 -1.0269 1.0604
2 2.66783 -1.0269 1.06043
2 2.6687 -1.02692 1.06045
2 2.66957 -1.02693 1.06048
2 2.67043 -1.02694 1.0605
2 2.6713 -1.02695 1.06053
2 2.67217 -1.02695 1.06056
2 2.67304 -1.02696 1.06059
2 2.67391 -1.02697 1.06061
2 2.67478 -1.02698 1.06064
2 2.67565 -1.02699 1.06067
2 2.67652 -1.027 1.06069
2 2.67739 -1.02701 1.06071
2 2.67826 -1.02702 1.06074
2 2.67913 -1.02702 1.06077
2 2.68 -1.02703 1.06079
2 2.68087 -1.02703 1.06082
2 2.68174 -1.02704 1.06085
2 2.68261 -1.02705 1.06087
2 2.68348 -1.02706 1.0609
2 2.68435 -1.02707 1.06092
2 2.68522 -1.02707 1.06095
2 2.68609 -1.02708 1.06098
2 2.68696 -1.02709 1.061
2 2.68783 -1.0271 1.06103
2 2.6887 -1.02711 1.06105
2 2.68957 -1.02712 1.06108
2 2.69043 -1.02713 1.0611
2 2.6913 -1.02714 1.06113
2 2.69217 -1.02715 1.06115
2 2.69304 -1.02716 1.06118
2 2.69391 -1.02716 1.0612
2 2.69478 -1.02717 1.06123
2 2.69565 -1.02718 1.06125
2 2.69652 -1.02719 1.06128
2 2.69739 -1.0272 1.0613
2 2.69826 -1.0272 1.06132
2 2.69913 -1.02721 1.06135
2 2.7 -1.02723 1.06137
2 2.70087 -1.02724 1.06139
2 2.70174 -1.02724 1.06142
2 2.70261 -1.02725 1.06144
2 2.70348 -1.02726 1.06146
2 2.70435 -1.02727 1.06148
2 2.70522 -1.02729 1.06151
2 2.70609 -1.0273 1.06153
2 2.70696 -1.0273 1.06155
2 2.70783 -1.02731 1.06157
2 2.7087 -1.02731 1.06159
2 2.70957 -1.02732 1.06162
2 2.71043 -1.02733 1.06164
2 2.7113 -1.02739 1.06166
2 2.71217 -1.02745 1.06168
2 2.71304 -1.02749 1.06171
2 2.71391 -1.02753 1.06173
2 2.71478 -1.02756 1.06175
2 2.71565 -1.02758 1.06177
2 2.71652 -1.0276 1.06179
2 2.71739 -1.02762 1.06182
2 2.71826 -1.02764 1.06184
2 2.71913 -1.02765 1.06186
2 2.72 -1.02766 1.06188
2 2.72087 -1.02767 1.06189
2 2.72174 -1.02768 1.06191
2 2.72261 -1.02768 1.06194
2 2.72348 -1.02769 1.06196
2 2.72435 -1.0277 1.06198
2 2.72522 -1.02771 1.06199
2 2.72609 -1.02772 1.06201
2 2.72696 -1.02773 1.06203
2 2.72783 -1.02775 1.06205
2 2.7287 -1.02776 1.06207
2 2.72957 -1.02777 1.06209
2 2.73043 -1.02778 1.06211
2 2.7313 -1.02779 1.06213
2 2.73217 -1.02781 1.06215
2 2.73304 -1.02782 1.06216
2 2.73391 -1.02783 1.06218
2 2.73478 -1.02784 1.0622
2 2.73565 -1.02785 1.06222
2 2.73652 -1.02786 1.06224
2 2.73739 -1.02787 1.06226
2 2.73826 -1.02789 1.06228
2 2.73913 -1.0279 1.0623
2 2.74 -1.02791 1.06232
2 2.74087 -1.02792 1.06233
2 2.74174 -1.02794 1.06235
2 2.74261 -1.02795 1.06237
2 2.74348 -1.02796 1.06239
2 2.74435 -1.02798 1.0624
2 2.74522 -1.02799 1.06242
2 2.74609 -1.02801 1.06244
2 2.74696 -1.02802 1.06246
2 2.74783 -1.02804 1.06248
2 2.7487 -1.02805 1.0625
2 2.74957 -1.02807 1.06252
2 2.75043 -1.02808 1.06254
2 2.7513 -1.02809 1.06256
2 2.75217 -1.0281 1.06258
2 2.75304 -1.02812 1.0626
2 2.75391 -1.02813 1.06262
2 2.75478 -1.02815 1.06264
2 2.75565 -1.02816 1.06266
2 2.75652 -1.02818 1.06268
2 2.75739 -1.0282 1.0627
2 2.75826 -1.02822 1.06272
2 2.75913 -1.02823 1.06274
2 2.76 -1.02825 1.06276
2 2.76087 -1.02826 1.06278
2 2.76174 -1.02828 1.0628
2 2.76261 -1.02829 1.06282
2 2.76348 -1.02831 1.06284
2 2.76435 -1.02832 1.06287
2 2.76522 -1.02834 1.06289
2 2.76609 -1.02835 1.06291
2 2.76696 -1.02837 1.06293
2 2.76783 -1.02838 1.06295
2 2.7687 -1.0284 1.06297
2 2.76957 -1.02842 1.06299
2 2.77043 -1.02843 1.06301
2 2.7713 -1.02845 1.06303
2 2.77217 -1.02847 1.06305
2 2.77304 -1.02848 1.06307
2 2.77391 -1.02849 1.06309
2 2.77478 -1.02851 1.06311
2 2.77565 -1.02853 1.06313
2 2.77652 -1.02855 1.06315
2 2.77739 -1.02857 1.06316
2 2.77826 -1.02859 1.06318
2 2.77913 -1.02861 1.0632
2 2.78 -1.02863 1.06322
2 2.78087 -1.02864 1.06324
2 2.78174 -1.02866 1.06325
2 2.78261 -1.02868 1.06327
2 2.78348 -1.0287 1.06329
2 2.78435 -1.02871 1.0633
2 2.78522 -1.02873 1.06332
2 2.78609 -1.02875 1.06334
2 2.78696 -1.02876 1.06336
2 2.78783 -1.02878 1.06337
2 2.7887 -1.0288 1.06339
2 2.78957 -1.02882 1.06341
2 2.79043 -1.02884 1.06342
2 2.7913 -1.02886 1.06344
2 2.79217 -1.02888 1.06346
2 2.79304 -1.0289 1.06347
2 2.79391 -1.02892 1.06348
2 2.79478 -1.02894 1.0635
2 2.79565 -1.02896 1.06351
2 2.79652 -1.02898 1.06353
2 2.79739 -1.029 1.06355
2 2.79826 -1.02903 1.06356
2 2.79913 -1.02905 1.06358
2 2.8 -1.02907 1.0636
2 2.80087 -1.02909 1.06361
2 2.80174 -1.02911 1.06363
2 2.80261 -1.02914 1.06364
2 2.80348 -1.02916 1.06365
2 2.80435 -1.02918 1.06367
2 2.80522 -1.0292 1.06368
2 2.80609 -1.02922 1.06369
2 2.80696 -1.02924 1.0637
2 2.80783 -1.02926 1.06371
2 2.8087 -1.02927 1.06373
2 2.80957 -1.02929 1.06374
2 2.81043 -1.02931 1.06376
2 2.8113 -1.02933 1.06378
2 2.81217 -1.02934 1.06379
2 2.81304 -1.02936 1.06381
2 2.81391 -1.02937 1.06383
2 2.81478 -1.02939 1.06384
2 2.81565 -1.02941 1.06386
2 2.81652 -1.02943 1.06388
2 2.81739 -1.02945 1.06389
2 2.81826 -1.02947 1.06391
2 2.81913 -1.02948 1.06392
2 2.82 -1.0295 1.06394
2 2.82087 -1.02952 1.06395
2 2.82174 -1.02954 1.06397
2 2.82261 -1.02956 1.06398
2 2.82348 -1.02958 1.06399
2 2.82435 -1.0296 1.064
2 2.82522 -1.02962 1.06401
2 2.82609 -1.02964 1.06403
2 2.82696 -1.02966 1.06404
2 2.82783 -1.02969 1.06405
2 2.8287 -1.02971 1.06406
2 2.82957 -1.02973 1.06407
2 2.83043 -1.02975 1.06408
2 2.8313 -1.02977 1.06409
2 2.83217 -1.02979 1.06411
2 2.83304 -1.02981 1.06412
2 2.83391 -1.02984 1.06413
2 2.83478 -1.02986 1.06414
2 2.83565 -1.02988 1.06415
2 2.83652 -1.0299 1.06416
2 2.83739 -1.02992 1.06417
2 2.83826 -1.02994 1.06418
2 2.83913 -1.02996 1.06419
2 2.84 -1.02999 1.0642
2 2.84087 -1.03001 1.06422
2 2.84174 -1.03003 1.06423
2 2.84261 -1.03005 1.06425
2 2.84348 -1.03008 1.06426
2 2.84435 -1.0301 1.06428
2 2.84522 -1.03012 1.0643
2 2.84609 -1.03014 1.06431
2 2.84696 -1.03016 1.06433
2 2.84783 -1.03018 1.06435
2 2.8487 -1.0302 1.06437
2 2.84957 -1.03022 1.06439
2 2.85043 -1.03024 1.06441
2 2.8513 -1.03026 1.06443
2 2.85217 -1.03028 1.06445
2 2.85304 -1.03029 1.06447
2 2.85391 -1.03031 1.06449
2 2.85478 -1.03033 1.06451
2 2.85565 -1.03035 1.06453
2 2.85652 -1.03037 1.06455
2 2.85739 -1.03038 1.06457
2 2.85826 -1.0304 1.06459
2 2.85913 -1.03042 1.06461
2 2.86 -1.03045 1.06463
2 2.86087 -1.03047 1.06465
2 2.86174 -1.03049 1.06467
2 2.86261 -1.0305 1.06469
2 2.86348 -1.03052 1.06471
2 2.86435 -1.03054 1.06473
2 2.86522 -1.03057 1.06475
2 2.86609 -1.03059 1.06477
2 2.86696 -1.03061 1.06479
2 2.86783 -1.03063 1.06482
2 2.8687 -1.03065 1.06484
2 2.86957 -1.03067 1.06486
2 2.87043 -1.03068 1.06488
2 2.8713 -1.0307 1.0649
2 2.87217 -1.03072 1.06492
2 2.87304 -1.03074 1.06494
2 2.87391 -1.03076 1.06496
2 2.87478 -1.03078 1.06497
2 2.87565 -1.0308 1.06499
2 2.87652 -1.03082 1.06501
2 2.87739 -1.03084 1.06503
2 2.87826 -1.03086 1.06505
2 2.87913 -1.03087 1.06507
2 2.88 -1.03089 1.06509
2 2.88087 -1.03091 1.06511
2 2.88174 -1.03092 1.06514
2 2.88261 -1.03094 1.06516
2 2.88348 -1.03095 1.06518
2 2.88435 -1.03097 1.0652
2 2.88522 -1.03099 1.06522
2 2.88609 -1.03101 1.06524
2 2.88696 -1.03102 1.06526
2 2.88783 -1.03104 1.06528
2 2.8887 -1.03106 1.0653
2 2.88957 -1.03107 1.06531
2 2.89043 -1.03109 1.06533
2 2.8913 -1.03111 1.06535
2 2.89217 -1.03112 1.06536
2 2.89304 -1.03114 1.06538
2 2.89391 -1.03116 1.0654
2 2.89478 -1.03117 1.06541
2 2.89565 -1.03119 1.06542
2 2.89652 -1.0312 1.06544
2 2.89739 -1.03122 1.06546
2 2.89826 -1.03123 1.06547
3 2.89913 -1.03125 1.06548
2 2.9 -1.03127 1.0655
2 2.90087 -1.03128 1.06551
2 2.90174 -1.0313 1.06552
2 2.90261 -1.03132 1.06554
2 2.90348 -1.03133 1.06555
2 2.90435 -1.03135 1.06556
2 2.90522 -1.03137 1.06557
2 2.90609 -1.03138 1.06558
2 2.90696 -1.0314 1.06559
2 2.90783 -1.03141 1.0656
2 2.9087 -1.03143 1.06561
2 2.90957 -1.03145 1.06563
2 2.91043 -1.03147 1.06564
2 2.9113 -1.03149 1.06565
2 2.91217 -1.0315 1.06567
2 2.91304 -1.03152 1.06568
2 2.91391 -1.03153 1.0657
2 2.91478 -1.03155 1.06572
2 2.91565 -1.03156 1.06574
2 2.91652 -1.03158 1.06575
2 2.91739 -1.03159 1.06577
2 2.91826 -1.0316 1.06579
2 2.91913 -1.03162 1.06581
2 2.92 -1.03163 1.06582
2 2.92087 -1.03164 1.06584
2 2.92174 -1.03166 1.06586
2 2.92261 -1.03167 1.06587
2 2.92348 -1.03169 1.06589
2 2.92435 -1.0317 1.06591
2 2.92522 -1.03172 1.06593
2 2.92609 -1.03173 1.06594
2 2.92696 -1.03174 1.06596
2 2.92783 -1.03175 1.06598
2 2.9287 -1.03177 1.066
2 2.92957 -1.03178 1.06602
2 2.93043 -1.0318 1.06604
2 2.9313 -1.03181 1.06606
2 2.93217 -1.03183 1.06608
2 2.93304 -1.03184 1.0661
2 2.93391 -1.03186 1.06612
2 2.93478 -1.03187 1.06614
2 2.93565 -1.03189 1.06616
2 2.93652 -1.0319 1.06617
2 2.93739 -1.03192 1.06619
2 2.93826 -1.03193 1.06621
2 2.93913 -1.03194 1.06623
2 2.94 -1.03195 1.06626
2 2.94087 -1.03197 1.06628
2 2.94174 -1.03198 1.0663
2 2.94261 -1.03199 1.06632
2 2.94348 -1.03201 1.06634
2 2.94435 -1.03202 1.06636
2 2.94522 -1.03203 1.06638
2 2.94609 -1.03204 1.0664
2 2.94696 -1.03205 1.06644
2 2.94783 -1.03206 1.06649
2 2.9487 -1.03207 1.06653
2 2.94957 -1.03209 1.06655
2 2.95043 -1.0321 1.06658
2 2.9513 -1.03212 1.06661
2 2.95217 -1.03213 1.06663
2 2.95304 -1.03215 1.06667
2 2.95391 -1.03216 1.06668
2 2.95478 -1.03217 1.06669
2 2.95565 -1.03218 1.06672
2 2.95652 -1.0322 1.06674
2 2.95739 -1.03221 1.06676
2 2.95826 -1.03222 1.06677
2 2.95913 -1.03223 1.06679
2 2.96 -1.03225 1.06681
2 2.96087 -1.03225 1.06683
2 2.96174 -1.03227 1.06685
2 2.96261 -1.03228 1.06687
2 2.96348 -1.03229 1.06689
2 2.96435 -1.0323 1.06691
2 2.96522 -1.03231 1.06693
2 2.96609 -1.03232 1.06695
2 2.96696 -1.03233 1.06697
2 2.96783 -1.03233 1.06699
2 2.9687 -1.03234 1.06701
2 2.96957 -1.03235 1.06702
2 2.97043 -1.03236 1.06704
2 2.9713 -1.03236 1.06706
2 2.97217 -1.03236 1.06707
2 2.97304 -1.03237 1.06709
2 2.97391 -1.03237 1.06711
2 2.97478 -1.03238 1.06713
2 2.97565 -1.03238 1.06715
2 2.97652 -1.03239 1.06716
2 2.97739 -1.03239 1.06718
2 2.97826 -1.03239 1.0672
2 2.97913 -1.03239 1.06722
2 2.98 -1.0324 1.06724
2 2.98087 -1.03241 1.06726
2 2.98174 -1.03241 1.06728
2 2.98261 -1.03242 1.0673
2 2.98348 -1.03242 1.06732
2 2.98435 -1.03243 1.06734
2 2.98522 -1.03243 1.06736
2 2.98609 -1.03243 1.06738
2 2.98696 -1.03243 1.0674
2 2.98783 -1.03243 1.06742
2 2.9887 -1.03243 1.06744
2 2.98957 -1.03244 1.06746
2 2.99043 -1.03245 1.06748
2 2.9913 -1.03245 1.0675
2 2.99217 -1.03246 1.06752
2 2.99304 -1.03246 1.06754
2 2.99391 -1.03246 1.06756
2 2.99478 -1.03246 1.06758
2 2.99565 -1.03246 1.0676
2 2.99652 -1.03246 1.06762
2 2.99739 -1.03247 1.06764
2 2.99826 -1.03247 1.06766
2 2.99913 -1.03248 1.06768
2 3 -1.03247 1.0677
