0 
0.000180094 
0.000650078 
0.00123756 
0.00182504 
0.00241252 
0.003 
0.004 
0.005 
0.006 
0.007 
0.008 
0.009 
0.01 
0.011 
0.012 
0.0135 
0.015 
0.0165 
0.018 
0.0195 
0.021 
0.0225 
0.024 
0.0255 
0.027 
0.0285 
0.03 
0.0315 
0.033 
0.0345 
0.036 
0.0375 
0.039 
0.0405 
0.042 
0.0435 
0.045 
0.0465 
0.048 
0.0495 
0.051 
0.0525 
0.054 
0.0555 
0.057 
0.0585 
0.06 
0.0615 
0.063 
0.0645 
0.066 
0.0675 
0.069 
0.0705 
0.072 
0.0735 
0.075 
0.0765 
0.078 
0.0795 
0.081 
0.0825 
0.084 
0.0855 
0.087 
0.0885 
0.09 
0.0915 
0.093 
0.0945 
0.096 
0.0975 
0.099 
0.1005 
0.102 
0.1035 
0.105 
0.1065 
0.108 
0.1095 
0.111 
0.1125 
0.114 
0.1155 
0.117 
0.1185 
0.12 
0.1215 
0.123 
0.1245 
0.126 
0.1275 
0.129 
0.1305 
0.132 
0.1335 
0.135 
0.1365 
0.138 
0.1395 
0.141 
0.1425 
0.144 
0.1455 
0.147 
0.1485 
0.15 
0.1515 
0.153 
0.1545 
0.156 
0.1575 
0.159 
0.1605 
0.162 
0.1635 
0.165 
0.1665 
0.168 
0.1695 
0.171 
0.1725 
0.174 
0.1755 
0.177 
0.1785 
0.18 
0.1815 
0.183 
0.1845 
0.186 
0.1875 
0.189 
0.1905 
0.192 
0.1935 
0.195 
0.1965 
0.198 
0.1995 
0.201 
0.2025 
0.204 
0.2055 
0.207 
0.2085 
0.21 
0.2115 
0.213 
0.2145 
0.216 
0.2175 
0.219 
0.2205 
0.222 
0.2235 
0.225 
0.2265 
0.228 
0.2295 
0.231 
0.2325 
0.234 
0.2355 
0.237 
0.2385 
0.24 
0.2415 
0.243 
0.2445 
0.246 
0.2475 
0.249 
0.2505 
0.252 
0.2535 
0.255 
0.2565 
0.258 
0.2595 
0.261 
0.2625 
0.264 
0.2655 
0.267 
0.2685 
0.27 
0.2715 
0.273 
0.2745 
0.276 
0.2775 
0.279 
0.2805 
0.282 
0.2835 
0.285 
0.2865 
0.288 
0.2895 
0.291 
0.2925 
0.294 
0.2955 
0.297 
0.2985 
0.3 
0.3015 
0.303 
0.3045 
0.306 
0.3075 
0.309 
0.3105 
0.312 
0.3135 
0.315 
0.3165 
0.318 
0.3195 
0.321 
0.3225 
0.324 
0.3255 
0.327 
0.3285 
0.33 
0.3315 
0.333 
0.3345 
0.336 
0.3375 
0.339 
0.3405 
0.342 
0.3435 
0.345 
0.3465 
0.348 
0.3495 
0.351 
0.3525 
0.354 
0.3555 
0.357 
0.3585 
0.36 
0.3615 
0.363 
0.3645 
0.366 
0.3675 
0.369 
0.3705 
0.372 
0.3735 
0.375 
0.3765 
0.378 
0.3795 
0.381 
0.3825 
0.384 
0.3855 
0.387 
0.3885 
0.39 
0.3915 
0.393 
0.3945 
0.396 
0.3975 
0.399 
0.4005 
0.402 
0.4035 
0.405 
0.4065 
0.408 
0.4095 
0.411 
0.4125 
0.414 
0.4155 
0.417 
0.4185 
0.42 
0.4215 
0.423 
0.4245 
0.426 
0.4275 
0.429 
0.4305 
0.432 
0.4335 
0.435 
0.4365 
0.438 
0.4395 
0.441 
0.4425 
0.444 
0.4455 
0.447 
0.4485 
0.45 
0.4515 
0.453 
0.4545 
0.456 
0.4575 
0.459 
0.4605 
0.462 
0.4635 
0.465 
0.4665 
0.468 
0.4695 
0.471 
0.4725 
0.474 
0.4755 
0.477 
0.4785 
0.48 
0.4815 
0.483 
0.4845 
0.486 
0.4875 
0.489 
0.4905 
0.492 
0.4935 
0.495 
0.4965 
0.498 
0.4995 
0.501 
0.5025 
0.504 
0.5055 
0.507 
0.5085 
0.51 
0.5115 
0.513 
0.5145 
0.516 
0.5175 
0.519 
0.5205 
0.522 
0.5235 
0.525 
0.5265 
0.528 
0.5295 
0.531 
0.5325 
0.534 
0.5355 
0.537 
0.5385 
0.54 
0.5415 
0.543 
0.5445 
0.546 
0.5475 
0.549 
0.5505 
0.552 
0.5535 
0.555 
0.5565 
0.558 
0.5595 
0.561 
0.5625 
0.564 
0.5655 
0.567 
0.5685 
0.57 
0.5715 
0.573 
0.5745 
0.576 
0.5775 
0.579 
0.5805 
0.582 
0.5835 
0.585 
0.5865 
0.588 
0.5895 
0.591 
0.5925 
0.594 
0.5955 
0.597 
0.5985 
0.6 
0.6015 
0.603 
0.6045 
0.606 
0.6075 
0.609 
0.6105 
0.612 
0.6135 
0.615 
0.6165 
0.618 
0.6195 
0.621 
0.6225 
0.624 
0.6255 
0.627 
0.6285 
0.63 
0.6315 
0.633 
0.6345 
0.636 
0.6375 
0.639 
0.6405 
0.642 
0.6435 
0.645 
0.6465 
0.648 
0.6495 
0.651 
0.6525 
0.654 
0.6555 
0.657 
0.6585 
0.66 
0.6615 
0.663 
0.6645 
0.666 
0.6675 
0.669 
0.6705 
0.672 
0.6735 
0.675 
0.6765 
0.678 
0.6795 
0.681 
0.6825 
0.684 
0.6855 
0.687 
0.6885 
0.69 
0.6915 
0.693 
0.6945 
0.696 
0.6975 
0.699 
0.7005 
0.702 
0.7035 
0.705 
0.7065 
0.708 
0.7095 
0.711 
0.7125 
0.714 
0.7155 
0.717 
0.7185 
0.72 
0.7215 
0.723 
0.7245 
0.726 
0.7275 
0.729 
0.7305 
0.732 
0.7335 
0.735 
0.7365 
0.738 
0.7395 
0.741 
0.7425 
0.744 
0.7455 
0.747 
0.7485 
0.75 
0.7515 
0.753 
0.7545 
0.756 
0.7575 
0.759 
0.7605 
0.762 
0.7635 
0.765 
0.7665 
0.768 
0.7695 
0.771 
0.7725 
0.774 
0.7755 
0.777 
0.7785 
0.78 
0.7815 
0.783 
0.7845 
0.786 
0.7875 
0.789 
0.7905 
0.792 
0.7935 
0.795 
0.7965 
0.798 
0.7995 
0.801 
0.8025 
0.804 
0.8055 
0.807 
0.8085 
0.81 
0.8115 
0.813 
0.8145 
0.816 
0.8175 
0.819 
0.8205 
0.822 
0.8235 
0.825 
0.8265 
0.828 
0.8295 
0.831 
0.8325 
0.834 
0.8355 
0.837 
0.8385 
0.84 
0.8415 
0.843 
0.8445 
0.846 
0.8475 
0.849 
0.8505 
0.852 
0.8535 
0.855 
0.8565 
0.858 
0.8595 
0.861 
0.8625 
0.864 
0.8655 
0.867 
0.8685 
0.87 
0.8715 
0.873 
0.8745 
0.876 
0.8775 
0.879 
0.8805 
0.882 
0.8835 
0.885 
0.8865 
0.888 
0.8895 
0.891 
0.8925 
0.894 
0.8955 
0.897 
0.8985 
0.9 
0 0.589443
0.0625 0.614723

0.0625 0.622289
0.0659188 0.625

0.0625 0.629751
0.125 0.675685

0.125 0.675201
0.145513 0.6875

0.145461 0.6875
0.1875 0.712681

0.1875 0.712428
0.25 0.742756

0.25 0.742598
0.269237 0.75

0.269299 0.75
0.3125 0.766622

0.3125 0.766511
0.375 0.784862

0.375 0.784782
0.4375 0.797831

0.4375 0.797781
0.5 0.805789

0.5 0.805763
0.5625 0.80888

0.5625 0.808877
0.625 0.807158

0.625 0.807178
0.6875 0.800588

0.6875 0.800631
0.75 0.789043

0.875 0.749181
0.872716 0.75

0.9375 0.721622
0.875338 0.75

1 0.685629
0.996701 0.6875

0.9375 0.721891
0.998146 0.6875

0.75 0.789115
0.8125 0.772297

0.8125 0.772421
0.875 0.750011

1.25 0.440521
1.20743 0.5

1.375 0.0842978
1.37025 0.125

1.37029 0.125
1.35796 0.1875

1.35804 0.1875
1.34044 0.25

1.37993 0
1.37752 0.0625

1.375 0.0841414
1.37753 0.0625

1.3125 0.32308
1.28803 0.375

1.34055 0.25
1.31731 0.3125

1.3125 0.322923
1.31741 0.3125

1.28826 0.375
1.25179 0.4375

1.25 0.440596
1.25203 0.4375

1.125 0.590266
1.08443 0.625

1 0.68677
1.0625 0.643233

1.0625 0.643226
1.08538 0.625

1.1875 0.523496
1.15321 0.5625

1.125 0.590161
1.153 0.5625

1.1875 0.523989
1.20712 0.5

i = 607 t = 0.9

# Quadtree, 607 steps, 26.1828 CPU, 14.72 real, 4.22e+04 points.step/s, 30 var
