1 0 1 1
2 0.007 1 1
2 0.0195 1 1
1 0.0345 1.00504 1.00504
1 0.0495 1.01052 1.01052
1 0.0645 1.0176 1.0176
1 0.0795 1.02606 1.02606
1 0.0945 1.03579 1.03579
1 0.1095 1.04668 1.04668
1 0.1245 1.0586 1.0586
1 0.1395 1.07139 1.07139
1 0.1545 1.08529 1.08529
1 0.1695 1.09992 1.09992
1 0.1845 1.11497 1.11497
1 0.1995 1.13009 1.13009
1 0.2145 1.14549 1.14549
1 0.2295 1.16072 1.16072
1 0.2445 1.17563 1.17563
1 0.2595 1.19001 1.19001
1 0.2745 1.20394 1.20394
1 0.2895 1.21723 1.21723
1 0.3045 1.22981 1.22981
1 0.3195 1.24168 1.24168
1 0.3345 1.2527 1.2527
1 0.3495 1.26295 1.26295
1 0.3645 1.27272 1.27272
1 0.3795 1.28189 1.28189
1 0.3945 1.29035 1.29035
1 0.4095 1.29817 1.29817
1 0.4245 1.30537 1.30537
1 0.4395 1.312 1.312
1 0.4545 1.3181 1.3181
1 0.4695 1.32385 1.32385
1 0.4845 1.32914 1.32914
1 0.4995 1.334 1.334
1 0.5145 1.33844 1.33844
1 0.5295 1.34249 1.34249
1 0.5445 1.34617 1.34617
1 0.5595 1.34953 1.34953
1 0.5745 1.35262 1.35262
1 0.5895 1.35546 1.35546
1 0.6045 1.35809 1.35809
1 0.6195 1.36051 1.36051
1 0.6345 1.36272 1.36272
1 0.6495 1.36475 1.36475
1 0.6645 1.36659 1.36659
1 0.6795 1.36827 1.36827
1 0.6945 1.36979 1.36979
1 0.7095 1.37116 1.37116
1 0.7245 1.3724 1.3724
1 0.7395 1.37352 1.37352
1 0.7545 1.37452 1.37452
2 0.7695 1.375 1.375
2 0.7845 1.375 1.375
2 0.7995 1.375 1.375
1 0.8145 1.37753 1.37753
1 0.8295 1.37808 1.37808
1 0.8445 1.37858 1.37858
1 0.8595 1.37901 1.37901
1 0.8745 1.3794 1.3794
1 0.8895 1.37973 1.37973
