0 
1.59182e-05 
5.91657e-05 
0.000114653 
0.000180229 
0.000256439 
0.000339577 
0.000431316 
0.000530112 
0.000637498 
0.000749998 
0.000868419 
0.000986841 
0.00111266 
0.00123849 
0.00137399 
0.00150949 
0.00164499 
0.00178049 
0.00191599 
0.00205149 
0.00218699 
0.00232249 
0.002458 
0.0025935 
0.002729 
0.0028645 
0.003 
0.00315789 
0.00331579 
0.00347368 
0.00363158 
0.00378947 
0.00394737 
0.00410526 
0.00426316 
0.00442105 
0.00457895 
0.00473684 
0.00489474 
0.00505263 
0.00521053 
0.00536842 
0.00552632 
0.00568421 
0.00584211 
0.006 
0.00616667 
0.00633333 
0.0065 
0.00666667 
0.00683333 
0.007 
0.00716667 
0.00733333 
0.0075 
0.00766667 
0.00783333 
0.008 
0.00816667 
0.00833333 
0.0085 
0.00866667 
0.00883333 
0.009 
0.00916667 
0.00933333 
0.0095 
0.00966667 
0.00983333 
0.01 
0.0101667 
0.0103333 
0.0105 
0.0106667 
0.0108333 
0.011 
0.0111667 
0.0113333 
0.0115 
0.0116667 
0.0118333 
0.012 
0.0121667 
0.0123333 
0.0125 
0.0126667 
0.0128333 
0.013 
0.0131667 
0.0133333 
0.0135 
0.0136667 
0.0138333 
0.014 
0.0141667 
0.0143333 
0.0145 
0.0146667 
0.0148333 
0.015 
0.0151667 
0.0153333 
0.0155 
0.0156667 
0.0158333 
0.016 
0.0161667 
0.0163333 
0.0165 
0.0166667 
0.0168333 
0.017 
0.0171667 
0.0173333 
0.0175 
0.0176667 
0.0178333 
0.018 
0.0181667 
0.0183333 
0.0185 
0.0186667 
0.0188333 
0.019 
0.0191667 
0.0193333 
0.0195 
0.0196667 
0.0198333 
0.02 
0.0201667 
0.0203333 
0.0205 
0.0206667 
0.0208333 
0.021 
0.0211667 
0.0213333 
0.0215 
0.0216667 
0.0218333 
0.022 
0.0221667 
0.0223333 
0.0225 
0.0226667 
0.0228333 
0.023 
0.0231667 
0.0233333 
0.0235 
0.0236667 
0.0238333 
0.024 
0.0241667 
0.0243333 
0.0245 
0.0246667 
0.0248333 
0.025 
0.0251667 
0.0253333 
0.0255 
0.0256667 
0.0258333 
0.026 
0.0261667 
0.0263333 
0.0265 
0.0266667 
0.0268333 
0.027 
0.0271667 
0.0273333 
0.0275 
0.0276667 
0.0278333 
0.028 
0.0281667 
0.0283333 
0.0285 
0.0286667 
0.0288333 
0.029 
0.0291667 
0.0293333 
0.0295 
0.0296667 
0.0298333 
0.03 
0.0301667 
0.0303333 
0.0305 
0.0306667 
0.0308333 
0.031 
0.0311667 
0.0313333 
0.0315 
0.0316667 
0.0318333 
0.032 
0.0321667 
0.0323333 
0.0325 
0.0326667 
0.0328333 
0.033 
0.0331667 
0.0333333 
0.0335 
0.0336667 
0.0338333 
0.034 
0.0341667 
0.0343333 
0.0345 
0.0346667 
0.0348333 
0.035 
0.0351667 
0.0353333 
0.0355 
0.0356667 
0.0358333 
0.036 
0.0361667 
0.0363333 
0.0365 
0.0366667 
0.0368333 
0.037 
0.0371667 
0.0373333 
0.0375 
0.0376667 
0.0378333 
0.038 
0.0381667 
0.0383333 
0.0385 
0.0386667 
0.0388333 
0.039 
0.0391667 
0.0393333 
0.0395 
0.0396667 
0.0398333 
0.04 
0.0401667 
0.0403333 
0.0405 
0.0406667 
0.0408333 
0.041 
0.0411667 
0.0413333 
0.0415 
0.0416667 
0.0418333 
0.042 
0.0421667 
0.0423333 
0.0425 
0.0426667 
0.0428333 
0.043 
0.0431667 
0.0433333 
0.0435 
0.0436667 
0.0438333 
0.044 
0.0441667 
0.0443333 
0.0445 
0.0446667 
0.0448333 
0.045 
0.0451667 
0.0453333 
0.0455 
0.0456667 
0.0458333 
0.046 
0.0461667 
0.0463333 
0.0465 
0.0466667 
0.0468333 
0.047 
0.0471667 
0.0473333 
0.0475 
0.0476667 
0.0478333 
0.048 
0.0481667 
0.0483333 
0.0485 
0.0486667 
0.0488333 
0.049 
0.0491667 
0.0493333 
0.0495 
0.0496667 
0.0498333 
0.05 
0.0501667 
0.0503333 
0.0505 
0.0506667 
0.0508333 
0.051 
0.0511667 
0.0513333 
0.0515 
0.0516667 
0.0518333 
0.052 
0.0521667 
0.0523333 
0.0525 
0.0526667 
0.0528333 
0.053 
0.0531667 
0.0533333 
0.0535 
0.0536667 
0.0538333 
0.054 
0.0541667 
0.0543333 
0.0545 
0.0546667 
0.0548333 
0.055 
0.0551667 
0.0553333 
0.0555 
0.0556667 
0.0558333 
0.056 
0.0561667 
0.0563333 
0.0565 
0.0566667 
0.0568333 
0.057 
0.0571667 
0.0573333 
0.0575 
0.0576667 
0.0578333 
0.058 
0.0581667 
0.0583333 
0.0585 
0.0586667 
0.0588333 
0.059 
0.0591667 
0.0593333 
0.0595 
0.0596667 
0.0598333 
0.06 
0.0601667 
0.0603333 
0.0605 
0.0606667 
0.0608333 
0.061 
0.0611667 
0.0613333 
0.0615 
0.0616667 
0.0618333 
0.062 
0.0621667 
0.0623333 
0.0625 
0.0626667 
0.0628333 
0.063 
0.0631667 
0.0633333 
0.0635 
0.0636667 
0.0638333 
0.064 
0.0641667 
0.0643333 
0.0645 
0.0646667 
0.0648333 
0.065 
0.0651667 
0.0653333 
0.0655 
0.0656667 
0.0658333 
0.066 
0.0661667 
0.0663333 
0.0665 
0.0666667 
0.0668333 
0.067 
0.0671667 
0.0673333 
0.0675 
0.0676667 
0.0678333 
0.068 
0.0681667 
0.0683333 
0.0685 
0.0686667 
0.0688333 
0.069 
0.0691667 
0.0693333 
0.0695 
0.0696667 
0.0698333 
0.07 
0.0701667 
0.0703333 
0.0705 
0.0706667 
0.0708333 
0.071 
0.0711667 
0.0713333 
0.0715 
0.0716667 
0.0718333 
0.072 
0.0721667 
0.0723333 
0.0725 
0.0726667 
0.0728333 
0.073 
0.0731667 
0.0733333 
0.0735 
0.0736667 
0.0738333 
0.074 
0.0741667 
0.0743333 
0.0745 
0.0746667 
0.0748333 
0.075 
0.0751667 
0.0753333 
0.0755 
0.0756667 
0.0758333 
0.076 
0.0761667 
0.0763333 
0.0765 
0.0766667 
0.0768333 
0.077 
0.0771667 
0.0773333 
0.0775 
0.0776667 
0.0778333 
0.078 
0.0781667 
0.0783333 
0.0785 
0.0786667 
0.0788333 
0.079 
0.0791667 
0.0793333 
0.0795 
0.0796667 
0.0798333 
0.08 
0.0801667 
0.0803333 
0.0805 
0.0806667 
0.0808333 
0.081 
0.0811667 
0.0813333 
0.0815 
0.0816667 
0.0818333 
0.082 
0.0821667 
0.0823333 
0.0825 
0.0826667 
0.0828333 
0.083 
0.0831667 
0.0833333 
0.0835 
0.0836667 
0.0838333 
0.084 
0.0841667 
0.0843333 
0.0845 
0.0846667 
0.0848333 
0.085 
0.0851667 
0.0853333 
0.0855 
0.0856667 
0.0858333 
0.086 
0.0861667 
0.0863333 
0.0865 
0.0866667 
0.0868333 
0.087 
0.0871667 
0.0873333 
0.0875 
0.0876667 
0.0878333 
0.088 
0.0881667 
0.0883333 
0.0885 
0.0886667 
0.0888333 
0.089 
0.0891667 
0.0893333 
0.0895 
0.0896667 
0.0898333 
0.09 
0.0901667 
0.0903333 
0.0905 
0.0906667 
0.0908333 
0.091 
0.0911667 
0.0913333 
0.0915 
0.0916667 
0.0918333 
0.092 
0.0921667 
0.0923333 
0.0925 
0.0926667 
0.0928333 
0.093 
0.0931667 
0.0933333 
0.0935 
0.0936667 
0.0938333 
0.094 
0.0941667 
0.0943333 
0.0945 
0.0946667 
0.0948333 
0.095 
0.0951667 
0.0953333 
0.0955 
0.0956667 
0.0958333 
0.096 
0.0961667 
0.0963333 
0.0965 
0.0966667 
0.0968333 
0.097 
0.0971667 
0.0973333 
0.0975 
0.0976667 
0.0978333 
0.098 
0.0981667 
0.0983333 
0.0985 
0.0986667 
0.0988333 
0.099 
0.0991667 
0.0993333 
0.0995 
0.0996667 
0.0998333 
0.1 
0.100167 
0.100333 
0.1005 
0.100667 
0.100833 
0.101 
0.101167 
0.101333 
0.1015 
0.101667 
0.101833 
0.102 
0.102167 
0.102333 
0.1025 
0.102667 
0.102833 
0.103 
0.103167 
0.103333 
0.1035 
0.103667 
0.103833 
0.104 
0.104167 
0.104333 
0.1045 
0.104667 
0.104833 
0.105 
0.105167 
0.105333 
0.1055 
0.105667 
0.105833 
0.106 
0.106167 
0.106333 
0.1065 
0.106667 
0.106833 
0.107 
0.107167 
0.107333 
0.1075 
0.107667 
0.107833 
0.108 
0.108167 
0.108333 
0.1085 
0.108667 
0.108833 
0.109 
0.109167 
0.109333 
0.1095 
0.109667 
0.109833 
0.11 
0.110167 
0.110333 
0.1105 
0.110667 
0.110833 
0.111 
0.111167 
0.111333 
0.1115 
0.111667 
0.111833 
0.112 
0.112167 
0.112333 
0.1125 
0.112667 
0.112833 
0.113 
0.113167 
0.113333 
0.1135 
0.113667 
0.113833 
0.114 
0.114167 
0.114333 
0.1145 
0.114667 
0.114833 
0.115 
0.115167 
0.115333 
0.1155 
0.115667 
0.115833 
0.116 
0.116167 
0.116333 
0.1165 
0.116667 
0.116833 
0.117 
0.117167 
0.117333 
0.1175 
0.117667 
0.117833 
0.118 
0.118167 
0.118333 
0.1185 
0.118667 
0.118833 
0.119 
0.119167 
0.119333 
0.1195 
0.119667 
0.119833 
0.12 
0.120167 
0.120333 
0.1205 
0.120667 
0.120833 
0.121 
0.121167 
0.121333 
0.1215 
0.121667 
0.121833 
0.122 
0.122167 
0.122333 
0.1225 
0.122667 
0.122833 
0.123 
0.123167 
0.123333 
0.1235 
0.123667 
0.123833 
0.124 
0.124167 
0.124333 
0.1245 
0.124667 
0.124833 
0.125 
0.125167 
0.125333 
0.1255 
0.125667 
0.125833 
0.126 
0.126167 
0.126333 
0.1265 
0.126667 
0.126833 
0.127 
0.127167 
0.127333 
0.1275 
0.127667 
0.127833 
0.128 
0.128167 
0.128333 
0.1285 
0.128667 
0.128833 
0.129 
0.129167 
0.129333 
0.1295 
0.129667 
0.129833 
0.13 
0.130167 
0.130333 
0.1305 
0.130667 
0.130833 
0.131 
0.131167 
0.131333 
0.1315 
0.131667 
0.131833 
0.132 
0.132167 
0.132333 
0.1325 
0.132667 
0.132833 
0.133 
0.133167 
0.133333 
0.1335 
0.133667 
0.133833 
0.134 
0.134167 
0.134333 
0.1345 
0.134667 
0.134833 
0.135 
0.135167 
0.135333 
0.1355 
0.135667 
0.135833 
0.136 
0.136167 
0.136333 
0.1365 
0.136667 
0.136833 
0.137 
0.137167 
0.137333 
0.1375 
0.137667 
0.137833 
0.138 
0.138167 
0.138333 
0.1385 
0.138667 
0.138833 
0.139 
0.139167 
0.139333 
0.1395 
0.139667 
0.139833 
0.14 
0.140167 
0.140333 
0.1405 
0.140667 
0.140833 
0.141 
0.141167 
0.141333 
0.1415 
0.141667 
0.141833 
0.142 
0.142167 
0.142333 
0.1425 
0.142667 
0.142833 
0.143 
0.143167 
0.143333 
0.1435 
0.143667 
0.143833 
0.144 
0.144167 
0.144333 
0.1445 
0.144667 
0.144833 
0.145 
0.145167 
0.145333 
0.1455 
0.145667 
0.145833 
0.146 
0.146167 
0.146333 
0.1465 
0.146667 
0.146833 
0.147 
0.147167 
0.147333 
0.1475 
0.147667 
0.147833 
0.148 
0.148167 
0.148333 
0.1485 
0.148667 
0.148833 
0.149 
0.149167 
0.149333 
0.1495 
0.149667 
0.149833 
0.15 
0.150167 
0.150333 
0.1505 
0.150667 
0.150833 
0.151 
0.151167 
0.151333 
0.1515 
0.151667 
0.151833 
0.152 
0.152167 
0.152333 
0.1525 
0.152667 
0.152833 
0.153 
0.153167 
0.153333 
0.1535 
0.153667 
0.153833 
0.154 
0.154167 
0.154333 
0.1545 
0.154667 
0.154833 
0.155 
0.155167 
0.155333 
0.1555 
0.155667 
0.155833 
0.156 
0.156167 
0.156333 
0.1565 
0.156667 
0.156833 
0.157 
0.157167 
0.157333 
0.1575 
0.157667 
0.157833 
0.158 
0.158167 
0.158333 
0.1585 
0.158667 
0.158833 
0.159 
0.159167 
0.159333 
0.1595 
0.159667 
0.159833 
0.16 
0.160167 
0.160333 
0.1605 
0.160667 
0.160833 
0.161 
0.161167 
0.161333 
0.1615 
0.161667 
0.161833 
0.162 
0.162167 
0.162333 
0.1625 
0.162667 
0.162833 
0.163 
0.163167 
0.163333 
0.1635 
0.163667 
0.163833 
0.164 
0.164167 
0.164333 
0.1645 
0.164667 
0.164833 
0.165 
0.165167 
0.165333 
0.1655 
0.165667 
0.165833 
0.166 
0.166167 
0.166333 
0.1665 
0.166667 
0.166833 
0.167 
0.167167 
0.167333 
0.1675 
0.167667 
0.167833 
0.168 
0.168167 
0.168333 
0.1685 
0.168667 
0.168833 
0.169 
0.169167 
0.169333 
0.1695 
0.169667 
0.169833 
0.17 
0.170167 
0.170333 
0.1705 
0.170667 
0.170833 
0.171 
0.171167 
0.171333 
0.1715 
0.171667 
0.171833 
0.172 
0.172167 
0.172333 
0.1725 
0.172667 
0.172833 
0.173 
0.173167 
0.173333 
0.1735 
0.173667 
0.173833 
0.174 
0.174167 
0.174333 
0.1745 
0.174667 
0.174833 
0.175 
0.175167 
0.175333 
0.1755 
0.175667 
0.175833 
0.176 
0.176167 
0.176333 
0.1765 
0.176667 
0.176833 
0.177 
0.177167 
0.177333 
0.1775 
0.177667 
0.177833 
0.178 
0.178167 
0.178333 
0.1785 
0.178667 
0.178833 
0.179 
0.179167 
0.179333 
0.1795 
0.179667 
0.179833 
0.18 
0.180167 
0.180333 
0.1805 
0.180667 
0.180833 
0.181 
0.181167 
0.181333 
0.1815 
0.181667 
0.181833 
0.182 
0.182167 
0.182333 
0.1825 
0.182667 
0.182833 
0.183 
0.183167 
0.183333 
0.1835 
0.183667 
0.183833 
0.184 
0.184167 
0.184333 
0.1845 
0.184667 
0.184833 
0.185 
0.185167 
0.185333 
0.1855 
0.185667 
0.185833 
0.186 
0.186167 
0.186333 
0.1865 
0.186667 
0.186833 
0.187 
0.187167 
0.187333 
0.1875 
0.187667 
0.187833 
0.188 
0.188167 
0.188333 
0.1885 
0.188667 
0.188833 
0.189 
0.189167 
0.189333 
0.1895 
0.189667 
0.189833 
0.19 
0.190167 
0.190333 
0.1905 
0.190667 
0.190833 
0.191 
0.191167 
0.191333 
0.1915 
0.191667 
0.191833 
0.192 
0.192167 
0.192333 
0.1925 
0.192667 
0.192833 
0.193 
0.193167 
0.193333 
0.1935 
0.193667 
0.193833 
0.194 
0.194167 
0.194333 
0.1945 
0.194667 
0.194833 
0.195 
0.195167 
0.195333 
0.1955 
0.195667 
0.195833 
0.196 
0.196167 
0.196333 
0.1965 
0.196667 
0.196833 
0.197 
0.197167 
0.197333 
0.1975 
0.197667 
0.197833 
0.198 
0.198167 
0.198333 
0.1985 
0.198667 
0.198833 
0.199 
0.199167 
0.199333 
0.1995 
0.199667 
0.199833 
0.2 
0.200167 
0.200333 
0.2005 
0.200667 
0.200833 
0.201 
0.201167 
0.201333 
0.2015 
0.201667 
0.201833 
0.202 
0.202167 
0.202333 
0.2025 
0.202667 
0.202833 
0.203 
0.203167 
0.203333 
0.2035 
0.203667 
0.203833 
0.204 
0.204167 
0.204333 
0.2045 
0.204667 
0.204833 
0.205 
0.205167 
0.205333 
0.2055 
0.205667 
0.205833 
0.206 
0.206167 
0.206333 
0.2065 
0.206667 
0.206833 
0.207 
0.207167 
0.207333 
0.2075 
0.207667 
0.207833 
0.208 
0.208167 
0.208333 
0.2085 
0.208667 
0.208833 
0.209 
0.209167 
0.209333 
0.2095 
0.209667 
0.209833 
0.21 
0.210167 
0.210333 
0.2105 
0.210667 
0.210833 
0.211 
0.211167 
0.211333 
0.2115 
0.211667 
0.211833 
0.212 
0.212167 
0.212333 
0.2125 
0.212667 
0.212833 
0.213 
0.213167 
0.213333 
0.2135 
0.213667 
0.213833 
0.214 
0.214167 
0.214333 
0.2145 
0.214667 
0.214833 
0.215 
0.215167 
0.215333 
0.2155 
0.215667 
0.215833 
0.216 
0.216167 
0.216333 
0.2165 
0.216667 
0.216833 
0.217 
0.217167 
0.217333 
0.2175 
0.217667 
0.217833 
0.218 
0.218167 
0.218333 
0.2185 
0.218667 
0.218833 
0.219 
0.219167 
0.219333 
0.2195 
0.219667 
0.219833 
0.22 
0.220167 
0.220333 
0.2205 
0.220667 
0.220833 
0.221 
0.221167 
0.221333 
0.2215 
0.221667 
0.221833 
0.222 
0.222167 
0.222333 
0.2225 
0.222667 
0.222833 
0.223 
0.223167 
0.223333 
0.2235 
0.223667 
0.223833 
0.224 
0.224167 
0.224333 
0.2245 
0.224667 
0.224833 
0.225 
0.225167 
0.225333 
0.2255 
0.225667 
0.225833 
0.226 
0.226167 
0.226333 
0.2265 
0.226667 
0.226833 
0.227 
0.227167 
0.227333 
0.2275 
0.227667 
0.227833 
0.228 
0.228167 
0.228333 
0.2285 
0.228667 
0.228833 
0.229 
0.229167 
0.229333 
0.2295 
0.229667 
0.229833 
0.23 
0.230167 
0.230333 
0.2305 
0.230667 
0.230833 
0.231 
0.231167 
0.231333 
0.2315 
0.231667 
0.231833 
0.232 
0.232167 
0.232333 
0.2325 
0.232667 
0.232833 
0.233 
0.233167 
0.233333 
0.2335 
0.233667 
0.233833 
0.234 
0.234167 
0.234333 
0.2345 
0.234667 
0.234833 
0.235 
0.235167 
0.235333 
0.2355 
0.235667 
0.235833 
0.236 
0.236167 
0.236333 
0.2365 
0.236667 
0.236833 
0.237 
0.237167 
0.237333 
0.2375 
0.237667 
0.237833 
0.238 
0.238167 
0.238333 
0.2385 
0.238667 
0.238833 
0.239 
0.239167 
0.239333 
0.2395 
0.239667 
0.239833 
0.24 
0.240167 
0.240333 
0.2405 
0.240667 
0.240833 
0.241 
0.241167 
0.241333 
0.2415 
0.241667 
0.241833 
0.242 
0.242167 
0.242333 
0.2425 
0.242667 
0.242833 
0.243 
0.243167 
0.243333 
0.2435 
0.243667 
0.243833 
0.244 
0.244167 
0.244333 
0.2445 
0.244667 
0.244833 
0.245 
0.245167 
0.245333 
0.2455 
0.245667 
0.245833 
0.246 
0.246167 
0.246333 
0.2465 
0.246667 
0.246833 
0.247 
0.247167 
0.247333 
0.2475 
0.247667 
0.247833 
0.248 
0.248167 
0.248333 
0.2485 
0.248667 
0.248833 
0.249 
0.249167 
0.249333 
0.2495 
0.249667 
0.249833 
0.25 
0.250167 
0.250333 
0.2505 
0.250667 
0.250833 
0.251 
0.251167 
0.251333 
0.2515 
0.251667 
0.251833 
0.252 
0.252167 
0.252333 
0.2525 
0.252667 
0.252833 
0.253 
0.253167 
0.253333 
0.2535 
0.253667 
0.253833 
0.254 
0.254167 
0.254333 
0.2545 
0.254667 
0.254833 
0.255 
0.255167 
0.255333 
0.2555 
0.255667 
0.255833 
0.256 
0.256167 
0.256333 
0.2565 
0.256667 
0.256833 
0.257 
0.257167 
0.257333 
0.2575 
0.257667 
0.257833 
0.258 
0.258167 
0.258333 
0.2585 
0.258667 
0.258833 
0.259 
0.259167 
0.259333 
0.2595 
0.259667 
0.259833 
0.26 
0.260167 
0.260333 
0.2605 
0.260667 
0.260833 
0.261 
0.261167 
0.261333 
0.2615 
0.261667 
0.261833 
0.262 
0.262167 
0.262333 
0.2625 
0.262667 
0.262833 
0.263 
0.263167 
0.263333 
0.2635 
0.263667 
0.263833 
0.264 
0.264167 
0.264333 
0.2645 
0.264667 
0.264833 
0.265 
0.265167 
0.265333 
0.2655 
0.265667 
0.265833 
0.266 
0.266167 
0.266333 
0.2665 
0.266667 
0.266833 
0.267 
0.267167 
0.267333 
0.2675 
0.267667 
0.267833 
0.268 
0.268167 
0.268333 
0.2685 
0.268667 
0.268833 
0.269 
0.269167 
0.269333 
0.2695 
0.269667 
0.269833 
0.27 
0.270167 
0.270333 
0.2705 
0.270667 
0.270833 
0.271 
0.271167 
0.271333 
0.2715 
0.271667 
0.271833 
0.272 
0.272167 
0.272333 
0.2725 
0.272667 
0.272833 
0.273 
0.273167 
0.273333 
0.2735 
0.273667 
0.273833 
0.274 
0.274167 
0.274333 
0.2745 
0.274667 
0.274833 
0.275 
0.275167 
0.275333 
0.2755 
0.275667 
0.275833 
0.276 
0.276167 
0.276333 
0.2765 
0.276667 
0.276833 
0.277 
0.277167 
0.277333 
0.2775 
0.277667 
0.277833 
0.278 
0.278167 
0.278333 
0.2785 
0.278667 
0.278833 
0.279 
0.279167 
0.279333 
0.2795 
0.279667 
0.279833 
0.28 
0.280167 
0.280333 
0.2805 
0.280667 
0.280833 
0.281 
0.281167 
0.281333 
0.2815 
0.281667 
0.281833 
0.282 
0.282167 
0.282333 
0.2825 
0.282667 
0.282833 
0.283 
0.283167 
0.283333 
0.2835 
0.283667 
0.283833 
0.284 
0.284167 
0.284333 
0.2845 
0.284667 
0.284833 
0.285 
0.285167 
0.285333 
0.2855 
0.285667 
0.285833 
0.286 
0.286167 
0.286333 
0.2865 
0.286667 
0.286833 
0.287 
0.287167 
0.287333 
0.2875 
0.287667 
0.287833 
0.288 
0.288167 
0.288333 
0.2885 
0.288667 
0.288833 
0.289 
0.289167 
0.289333 
0.2895 
0.289667 
0.289833 
0.29 
0.290167 
0.290333 
0.2905 
0.290667 
0.290833 
0.291 
0.291167 
0.291333 
0.2915 
0.291667 
0.291833 
0.292 
0.292167 
0.292333 
0.2925 
0.292667 
0.292833 
0.293 
0.293167 
0.293333 
0.2935 
0.293667 
0.293833 
0.294 
0.294167 
0.294333 
0.2945 
0.294667 
0.294833 
0.295 
0.295167 
0.295333 
0.2955 
0.295667 
0.295833 
0.296 
0.296167 
0.296333 
0.2965 
0.296667 
0.296833 
0.297 
0.297167 
0.297333 
0.2975 
0.297667 
0.297833 
0.298 
0.298167 
0.298333 
0.2985 
0.298667 
0.298833 
0.299 
0.299167 
0.299333 
0.2995 
0.299667 
0.299833 
0.3 
0.300167 
0.300333 
0.3005 
0.300667 
0.300833 
0.301 
0.301167 
0.301333 
0.3015 
0.301667 
0.301833 
0.302 
0.302167 
0.302333 
0.3025 
0.302667 
0.302833 
0.303 
0.303167 
0.303333 
0.3035 
0.303667 
0.303833 
0.304 
0.304167 
0.304333 
0.3045 
0.304667 
0.304833 
0.305 
0.305167 
0.305333 
0.3055 
0.305667 
0.305833 
0.306 
0.306167 
0.306333 
0.3065 
0.306667 
0.306833 
0.307 
0.307167 
0.307333 
0.3075 
0.307667 
0.307833 
0.308 
0.308167 
0.308333 
0.3085 
0.308667 
0.308833 
0.309 
0.309167 
0.309333 
0.3095 
0.309667 
0.309833 
0.31 
0.310167 
0.310333 
0.3105 
0.310667 
0.310833 
0.311 
0.311167 
0.311333 
0.3115 
0.311667 
0.311833 
0.312 
0.312167 
0.312333 
0.3125 
0.312667 
0.312833 
0.313 
0.313167 
0.313333 
0.3135 
0.313667 
0.313833 
0.314 
0.314167 
0.314333 
0.3145 
0.314667 
0.314833 
0.315 
0.315167 
0.315333 
0.3155 
0.315667 
0.315833 
0.316 
0.316167 
0.316333 
0.3165 
0.316667 
0.316833 
0.317 
0.317167 
0.317333 
0.3175 
0.317667 
0.317833 
0.318 
0.318167 
0.318333 
0.3185 
0.318667 
0.318833 
0.319 
0.319167 
0.319333 
0.3195 
0.319667 
0.319833 
0.32 
0.320167 
0.320333 
0.3205 
0.320667 
0.320833 
0.321 
0.321167 
0.321333 
0.3215 
0.321667 
0.321833 
0.322 
0.322167 
0.322333 
0.3225 
0.322667 
0.322833 
0.323 
0.323167 
0.323333 
0.3235 
0.323667 
0.323833 
0.324 
0.324167 
0.324333 
0.3245 
0.324667 
0.324833 
0.325 
0.325167 
0.325333 
0.3255 
0.325667 
0.325833 
0.326 
0.326167 
0.326333 
0.3265 
0.326667 
0.326833 
0.327 
0.327167 
0.327333 
0.3275 
0.327667 
0.327833 
0.328 
0.328167 
0.328333 
0.3285 
0.328667 
0.328833 
0.329 
0.329167 
0.329333 
0.3295 
0.329667 
0.329833 
0.33 
0.330167 
0.330333 
0.3305 
0.330667 
0.330833 
0.331 
0.331167 
0.331333 
0.3315 
0.331667 
0.331833 
0.332 
0.332167 
0.332333 
0.3325 
0.332667 
0.332833 
0.333 
0.333167 
0.333333 
0.3335 
0.333667 
0.333833 
0.334 
0.334167 
0.334333 
0.3345 
0.334667 
0.334833 
0.335 
0.335167 
0.335333 
0.3355 
0.335667 
0.335833 
0.336 
0.336167 
0.336333 
0.3365 
0.336667 
0.336833 
0.337 
0.337167 
0.337333 
0.3375 
0.337667 
0.337833 
0.338 
0.338167 
0.338333 
0.3385 
0.338667 
0.338833 
0.339 
0.339167 
0.339333 
0.3395 
0.339667 
0.339833 
0.34 
0.340167 
0.340333 
0.3405 
0.340667 
0.340833 
0.341 
0.341167 
0.341333 
0.3415 
0.341667 
0.341833 
0.342 
0.342167 
0.342333 
0.3425 
0.342667 
0.342833 
0.343 
0.343167 
0.343333 
0.3435 
0.343667 
0.343833 
0.344 
0.344167 
0.344333 
0.3445 
0.344667 
0.344833 
0.345 
0.345167 
0.345333 
0.3455 
0.345667 
0.345833 
0.346 
0.346167 
0.346333 
0.3465 
0.346667 
0.346833 
0.347 
0.347167 
0.347333 
0.3475 
0.347667 
0.347833 
0.348 
0.348167 
0.348333 
0.3485 
0.348667 
0.348833 
0.349 
0.349167 
0.349333 
0.3495 
0.349667 
0.349833 
0.35 
0.350167 
0.350333 
0.3505 
0.350667 
0.350833 
0.351 
0.351167 
0.351333 
0.3515 
0.351667 
0.351833 
0.352 
0.352167 
0.352333 
0.3525 
0.352667 
0.352833 
0.353 
0.353167 
0.353333 
0.3535 
0.353667 
0.353833 
0.354 
0.354167 
0.354333 
0.3545 
0.354667 
0.354833 
0.355 
0.355167 
0.355333 
0.3555 
0.355667 
0.355833 
0.356 
0.356167 
0.356333 
0.3565 
0.356667 
0.356833 
0.357 
0.357167 
0.357333 
0.3575 
0.357667 
0.357833 
0.358 
0.358167 
0.358333 
0.3585 
0.358667 
0.358833 
0.359 
0.359167 
0.359333 
0.3595 
0.359667 
0.359833 
0.36 
0.360167 
0.360333 
0.3605 
0.360667 
0.360833 
0.361 
0.361167 
0.361333 
0.3615 
0.361667 
0.361833 
0.362 
0.362167 
0.362333 
0.3625 
0.362667 
0.362833 
0.363 
0.363167 
0.363333 
0.3635 
0.363667 
0.363833 
0.364 
0.364167 
0.364333 
0.3645 
0.364667 
0.364833 
0.365 
0.365167 
0.365333 
0.3655 
0.365667 
0.365833 
0.366 
0.366167 
0.366333 
0.3665 
0.366667 
0.366833 
0.367 
0.367167 
0.367333 
0.3675 
0.367667 
0.367833 
0.368 
0.368167 
0.368333 
0.3685 
0.368667 
0.368833 
0.369 
0.369167 
0.369333 
0.3695 
0.369667 
0.369833 
0.37 
0.370167 
0.370333 
0.3705 
0.370667 
0.370833 
0.371 
0.371167 
0.371333 
0.3715 
0.371667 
0.371833 
0.372 
0.372167 
0.372333 
0.3725 
0.372667 
0.372833 
0.373 
0.373167 
0.373333 
0.3735 
0.373667 
0.373833 
0.374 
0.374167 
0.374333 
0.3745 
0.374667 
0.374833 
0.375 
0.375167 
0.375333 
0.3755 
0.375667 
0.375833 
0.376 
0.376167 
0.376333 
0.3765 
0.376667 
0.376833 
0.377 
0.377167 
0.377333 
0.3775 
0.377667 
0.377833 
0.378 
0.378167 
0.378333 
0.3785 
0.378667 
0.378833 
0.379 
0.379167 
0.379333 
0.3795 
0.379667 
0.379833 
0.38 
0.380167 
0.380333 
0.3805 
0.380667 
0.380833 
0.381 
0.381167 
0.381333 
0.3815 
0.381667 
0.381833 
0.382 
0.382167 
0.382333 
0.3825 
0.382667 
0.382833 
0.383 
0.383167 
0.383333 
0.3835 
0.383667 
0.383833 
0.384 
0.384167 
0.384333 
0.3845 
0.384667 
0.384833 
0.385 
0.385167 
0.385333 
0.3855 
0.385667 
0.385833 
0.386 
0.386167 
0.386333 
0.3865 
0.386667 
0.386833 
0.387 
0.387167 
0.387333 
0.3875 
0.387667 
0.387833 
0.388 
0.388167 
0.388333 
0.3885 
0.388667 
0.388833 
0.389 
0.389167 
0.389333 
0.3895 
0.389667 
0.389833 
0.39 
0.390167 
0.390333 
0.3905 
0.390667 
0.390833 
0.391 
0.391167 
0.391333 
0.3915 
0.391667 
0.391833 
0.392 
0.392167 
0.392333 
0.3925 
0.392667 
0.392833 
0.393 
0.393167 
0.393333 
0.3935 
0.393667 
0.393833 
0.394 
0.394167 
0.394333 
0.3945 
0.394667 
0.394833 
0.395 
0.395167 
0.395333 
0.3955 
0.395667 
0.395833 
0.396 
0.396167 
0.396333 
0.3965 
0.396667 
0.396833 
0.397 
0.397167 
0.397333 
0.3975 
0.397667 
0.397833 
0.398 
0.398167 
0.398333 
0.3985 
0.398667 
0.398833 
0.399 
0.399167 
0.399333 
0.3995 
0.399667 
0.399833 
0.4 
0.400167 
0.400333 
0.4005 
0.400667 
0.400833 
0.401 
0.401167 
0.401333 
0.4015 
0.401667 
0.401833 
0.402 
0.402167 
0.402333 
0.4025 
0.402667 
0.402833 
0.403 
0.403167 
0.403333 
0.4035 
0.403667 
0.403833 
0.404 
0.404167 
0.404333 
0.4045 
0.404667 
0.404833 
0.405 
0.405167 
0.405333 
0.4055 
0.405667 
0.405833 
0.406 
0.406167 
0.406333 
0.4065 
0.406667 
0.406833 
0.407 
0.407167 
0.407333 
0.4075 
0.407667 
0.407833 
0.408 
0.408167 
0.408333 
0.4085 
0.408667 
0.408833 
0.409 
0.409167 
0.409333 
0.4095 
0.409667 
0.409833 
0.41 
0.410167 
0.410333 
0.4105 
0.410667 
0.410833 
0.411 
0.411167 
0.411333 
0.4115 
0.411667 
0.411833 
0.412 
0.412167 
0.412333 
0.4125 
0.412667 
0.412833 
0.413 
0.413167 
0.413333 
0.4135 
0.413667 
0.413833 
0.414 
0.414167 
0.414333 
0.4145 
0.414667 
0.414833 
0.415 
0.415167 
0.415333 
0.4155 
0.415667 
0.415833 
0.416 
0.416167 
0.416333 
0.4165 
0.416667 
0.416833 
0.417 
0.417167 
0.417333 
0.4175 
0.417667 
0.417833 
0.418 
0.418167 
0.418333 
0.4185 
0.418667 
0.418833 
0.419 
0.419167 
0.419333 
0.4195 
0.419667 
0.419833 
0.42 
0.420167 
0.420333 
0.4205 
0.420667 
0.420833 
0.421 
0.421167 
0.421333 
0.4215 
0.421667 
0.421833 
0.422 
0.422167 
0.422333 
0.4225 
0.422667 
0.422833 
0.423 
0.423167 
0.423333 
0.4235 
0.423667 
0.423833 
0.424 
0.424167 
0.424333 
0.4245 
0.424667 
0.424833 
0.425 
0.425167 
0.425333 
0.4255 
0.425667 
0.425833 
0.426 
0.426167 
0.426333 
0.4265 
0.426667 
0.426833 
0.427 
0.427167 
0.427333 
0.4275 
0.427667 
0.427833 
0.428 
0.428167 
0.428333 
0.4285 
0.428667 
0.428833 
0.429 
0.429167 
0.429333 
0.4295 
0.429667 
0.429833 
0.43 
0.430167 
0.430333 
0.4305 
0.430667 
0.430833 
0.431 
0.431167 
0.431333 
0.4315 
0.431667 
0.431833 
0.432 
0.432167 
0.432333 
0.4325 
0.432667 
0.432833 
0.433 
0.433167 
0.433333 
0.4335 
0.433667 
0.433833 
0.434 
0.434167 
0.434333 
0.4345 
0.434667 
0.434833 
0.435 
0.435167 
0.435333 
0.4355 
0.435667 
0.435833 
0.436 
0.436167 
0.436333 
0.4365 
0.436667 
0.436833 
0.437 
0.437167 
0.437333 
0.4375 
0.437667 
0.437833 
0.438 
0.438167 
0.438333 
0.4385 
0.438667 
0.438833 
0.439 
0.439167 
0.439333 
0.4395 
0.439667 
0.439833 
0.44 
0.440167 
0.440333 
0.4405 
0.440667 
0.440833 
0.441 
0.441167 
0.441333 
0.4415 
0.441667 
0.441833 
0.442 
0.442167 
0.442333 
0.4425 
0.442667 
0.442833 
0.443 
0.443167 
0.443333 
0.4435 
0.443667 
0.443833 
0.444 
0.444167 
0.444333 
0.4445 
0.444667 
0.444833 
0.445 
0.445167 
0.445333 
0.4455 
0.445667 
0.445833 
0.446 
0.446167 
0.446333 
0.4465 
0.446667 
0.446833 
0.447 
0.447167 
0.447333 
0.4475 
0.447667 
0.447833 
0.448 
0.448167 
0.448333 
0.4485 
0.448667 
0.448833 
0.449 
0.449167 
0.449333 
0.4495 
0.449667 
0.449833 
0.45 
0.450167 
0.450333 
0.4505 
0.450667 
0.450833 
0.451 
0.451167 
0.451333 
0.4515 
0.451667 
0.451833 
0.452 
0.452167 
0.452333 
0.4525 
0.452667 
0.452833 
0.453 
0.453167 
0.453333 
0.4535 
0.453667 
0.453833 
0.454 
0.454167 
0.454333 
0.4545 
0.454667 
0.454833 
0.455 
0.455167 
0.455333 
0.4555 
0.455667 
0.455833 
0.456 
0.456167 
0.456333 
0.4565 
0.456667 
0.456833 
0.457 
0.457167 
0.457333 
0.4575 
0.457667 
0.457833 
0.458 
0.458167 
0.458333 
0.4585 
0.458667 
0.458833 
0.459 
0.459167 
0.459333 
0.4595 
0.459667 
0.459833 
0.46 
0.460167 
0.460333 
0.4605 
0.460667 
0.460833 
0.461 
0.461167 
0.461333 
0.4615 
0.461667 
0.461833 
0.462 
0.462167 
0.462333 
0.4625 
0.462667 
0.462833 
0.463 
0.463167 
0.463333 
0.4635 
0.463667 
0.463833 
0.464 
0.464167 
0.464333 
0.4645 
0.464667 
0.464833 
0.465 
0.465167 
0.465333 
0.4655 
0.465667 
0.465833 
0.466 
0.466167 
0.466333 
0.4665 
0.466667 
0.466833 
0.467 
0.467167 
0.467333 
0.4675 
0.467667 
0.467833 
0.468 
0.468167 
0.468333 
0.4685 
0.468667 
0.468833 
0.469 
0.469167 
0.469333 
0.4695 
0.469667 
0.469833 
0.47 
0.470167 
0.470333 
0.4705 
0.470667 
0.470833 
0.471 
0.471167 
0.471333 
0.4715 
0.471667 
0.471833 
0.472 
0.472167 
0.472333 
0.4725 
0.472667 
0.472833 
0.473 
0.473167 
0.473333 
0.4735 
0.473667 
0.473833 
0.474 
0.474167 
0.474333 
0.4745 
0.474667 
0.474833 
0.475 
0.475167 
0.475333 
0.4755 
0.475667 
0.475833 
0.476 
0.476167 
0.476333 
0.4765 
0.476667 
0.476833 
0.477 
0.477167 
0.477333 
0.4775 
0.477667 
0.477833 
0.478 
0.478167 
0.478333 
0.4785 
0.478667 
0.478833 
0.479 
0.479167 
0.479333 
0.4795 
0.479667 
0.479833 
0.48 
0.480167 
0.480333 
0.4805 
0.480667 
0.480833 
0.481 
0.481167 
0.481333 
0.4815 
0.481667 
0.481833 
0.482 
0.482167 
0.482333 
0.4825 
0.482667 
0.482833 
0.483 
0.483167 
0.483333 
0.4835 
0.483667 
0.483833 
0.484 
0.484167 
0.484333 
0.4845 
0.484667 
0.484833 
0.485 
0.485167 
0.485333 
0.4855 
0.485667 
0.485833 
0.486 
0.486167 
0.486333 
0.4865 
0.486667 
0.486833 
0.487 
0.487167 
0.487333 
0.4875 
0.487667 
0.487833 
0.488 
0.488167 
0.488333 
0.4885 
0.488667 
0.488833 
0.489 
0.489167 
0.489333 
0.4895 
0.489667 
0.489833 
0.49 
0.490167 
0.490333 
0.4905 
0.490667 
0.490833 
0.491 
0.491167 
0.491333 
0.4915 
0.491667 
0.491833 
0.492 
0.492167 
0.492333 
0.4925 
0.492667 
0.492833 
0.493 
0.493167 
0.493333 
0.4935 
0.493667 
0.493833 
0.494 
0.494167 
0.494333 
0.4945 
0.494667 
0.494833 
0.495 
0.495167 
0.495333 
0.4955 
0.495667 
0.495833 
0.496 
0.496167 
0.496333 
0.4965 
0.496667 
0.496833 
0.497 
0.497167 
0.497333 
0.4975 
0.497667 
0.497833 
0.498 
0.498167 
0.498333 
0.4985 
0.498667 
0.498833 
0.499 
0.499167 
0.499333 
0.4995 
0.499667 
0.499833 
0.5 
0.500167 
0.500333 
0.5005 
0.500667 
0.500833 
0.501 
0.501167 
0.501333 
0.5015 
0.501667 
0.501833 
0.502 
0.502167 
0.502333 
0.5025 
0.502667 
0.502833 
0.503 
0.503167 
0.503333 
0.5035 
0.503667 
0.503833 
0.504 
0.504167 
0.504333 
0.5045 
0.504667 
0.504833 
0.505 
0.505167 
0.505333 
0.5055 
0.505667 
0.505833 
0.506 
0.506167 
0.506333 
0.5065 
0.506667 
0.506833 
0.507 
0.507167 
0.507333 
0.5075 
0.507667 
0.507833 
0.508 
0.508167 
0.508333 
0.5085 
0.508667 
0.508833 
0.509 
0.509167 
0.509333 
0.5095 
0.509667 
0.509833 
0.51 
0.510167 
0.510333 
0.5105 
0.510667 
0.510833 
0.511 
0.511167 
0.511333 
0.5115 
0.511667 
0.511833 
0.512 
0.512167 
0.512333 
0.5125 
0.512667 
0.512833 
0.513 
0.513167 
0.513333 
0.5135 
0.513667 
0.513833 
0.514 
0.514167 
0.514333 
0.5145 
0.514667 
0.514833 
0.515 
0.515167 
0.515333 
0.5155 
0.515667 
0.515833 
0.516 
0.516167 
0.516333 
0.5165 
0.516667 
0.516833 
0.517 
0.517167 
0.517333 
0.5175 
0.517667 
0.517833 
0.518 
0.518167 
0.518333 
0.5185 
0.518667 
0.518833 
0.519 
0.519167 
0.519333 
0.5195 
0.519667 
0.519833 
0.52 
0.520167 
0.520333 
0.5205 
0.520667 
0.520833 
0.521 
0.521167 
0.521333 
0.5215 
0.521667 
0.521833 
0.522 
0.522167 
0.522333 
0.5225 
0.522667 
0.522833 
0.523 
0.523167 
0.523333 
0.5235 
0.523667 
0.523833 
0.524 
0.524167 
0.524333 
0.5245 
0.524667 
0.524833 
0.525 
0.525167 
0.525333 
0.5255 
0.525667 
0.525833 
0.526 
0.526167 
0.526333 
0.5265 
0.526667 
0.526833 
0.527 
0.527167 
0.527333 
0.5275 
0.527667 
0.527833 
0.528 
0.528167 
0.528333 
0.5285 
0.528667 
0.528833 
0.529 
0.529167 
0.529333 
0.5295 
0.529667 
0.529833 
0.53 
0.530167 
0.530333 
0.5305 
0.530667 
0.530833 
0.531 
0.531167 
0.531333 
0.5315 
0.531667 
0.531833 
0.532 
0.532167 
0.532333 
0.5325 
0.532667 
0.532833 
0.533 
0.533167 
0.533333 
0.5335 
0.533667 
0.533833 
0.534 
0.534167 
0.534333 
0.5345 
0.534667 
0.534833 
0.535 
0.535167 
0.535333 
0.5355 
0.535667 
0.535833 
0.536 
0.536167 
0.536333 
0.5365 
0.536667 
0.536833 
0.537 
0.537167 
0.537333 
0.5375 
0.537667 
0.537833 
0.538 
0.538167 
0.538333 
0.5385 
0.538667 
0.538833 
0.539 
0.539167 
0.539333 
0.5395 
0.539667 
0.539833 
0.54 
0.540167 
0.540333 
0.5405 
0.540667 
0.540833 
0.541 
0.541167 
0.541333 
0.5415 
0.541667 
0.541833 
0.542 
0.542167 
0.542333 
0.5425 
0.542667 
0.542833 
0.543 
0.543167 
0.543333 
0.5435 
0.543667 
0.543833 
0.544 
0.544167 
0.544333 
0.5445 
0.544667 
0.544833 
0.545 
0.545167 
0.545333 
0.5455 
0.545667 
0.545833 
0.546 
0.546167 
0.546333 
0.5465 
0.546667 
0.546833 
0.547 
0.547167 
0.547333 
0.5475 
0.547667 
0.547833 
0.548 
0.548167 
0.548333 
0.5485 
0.548667 
0.548833 
0.549 
0.549167 
0.549333 
0.5495 
0.549667 
0.549833 
0.55 
0.550167 
0.550333 
0.5505 
0.550667 
0.550833 
0.551 
0.551167 
0.551333 
0.5515 
0.551667 
0.551833 
0.552 
0.552167 
0.552333 
0.5525 
0.552667 
0.552833 
0.553 
0.553167 
0.553333 
0.5535 
0.553667 
0.553833 
0.554 
0.554167 
0.554333 
0.5545 
0.554667 
0.554833 
0.555 
0.555167 
0.555333 
0.5555 
0.555667 
0.555833 
0.556 
0.556167 
0.556333 
0.5565 
0.556667 
0.556833 
0.557 
0.557167 
0.557333 
0.5575 
0.557667 
0.557833 
0.558 
0.558167 
0.558333 
0.5585 
0.558667 
0.558833 
0.559 
0.559167 
0.559333 
0.5595 
0.559667 
0.559833 
0.56 
0.560167 
0.560333 
0.5605 
0.560667 
0.560833 
0.561 
0.561167 
0.561333 
0.5615 
0.561667 
0.561833 
0.562 
0.562167 
0.562333 
0.5625 
0.562667 
0.562833 
0.563 
0.563167 
0.563333 
0.5635 
0.563667 
0.563833 
0.564 
0.564167 
0.564333 
0.5645 
0.564667 
0.564833 
0.565 
0.565167 
0.565333 
0.5655 
0.565667 
0.565833 
0.566 
0.566167 
0.566333 
0.5665 
0.566667 
0.566833 
0.567 
0.567167 
0.567333 
0.5675 
0.567667 
0.567833 
0.568 
0.568167 
0.568333 
0.5685 
0.568667 
0.568833 
0.569 
0.569167 
0.569333 
0.5695 
0.569667 
0.569833 
0.57 
0.570167 
0.570333 
0.5705 
0.570667 
0.570833 
0.571 
0.571167 
0.571333 
0.5715 
0.571667 
0.571833 
0.572 
0.572167 
0.572333 
0.5725 
0.572667 
0.572833 
0.573 
0.573167 
0.573333 
0.5735 
0.573667 
0.573833 
0.574 
0.574167 
0.574333 
0.5745 
0.574667 
0.574833 
0.575 
0.575167 
0.575333 
0.5755 
0.575667 
0.575833 
0.576 
0.576167 
0.576333 
0.5765 
0.576667 
0.576833 
0.577 
0.577167 
0.577333 
0.5775 
0.577667 
0.577833 
0.578 
0.578167 
0.578333 
0.5785 
0.578667 
0.578833 
0.579 
0.579167 
0.579333 
0.5795 
0.579667 
0.579833 
0.58 
0.580167 
0.580333 
0.5805 
0.580667 
0.580833 
0.581 
0.581167 
0.581333 
0.5815 
0.581667 
0.581833 
0.582 
0.582167 
0.582333 
0.5825 
0.582667 
0.582833 
0.583 
0.583167 
0.583333 
0.5835 
0.583667 
0.583833 
0.584 
0.584167 
0.584333 
0.5845 
0.584667 
0.584833 
0.585 
0.585167 
0.585333 
0.5855 
0.585667 
0.585833 
0.586 
0.586167 
0.586333 
0.5865 
0.586667 
0.586833 
0.587 
0.587167 
0.587333 
0.5875 
0.587667 
0.587833 
0.588 
0.588167 
0.588333 
0.5885 
0.588667 
0.588833 
0.589 
0.589167 
0.589333 
0.5895 
0.589667 
0.589833 
0.59 
0.590167 
0.590333 
0.5905 
0.590667 
0.590833 
0.591 
0.591167 
0.591333 
0.5915 
0.591667 
0.591833 
0.592 
0.592167 
0.592333 
0.5925 
0.592667 
0.592833 
0.593 
0.593167 
0.593333 
0.5935 
0.593667 
0.593833 
0.594 
0.594167 
0.594333 
0.5945 
0.594667 
0.594833 
0.595 
0.595167 
0.595333 
0.5955 
0.595667 
0.595833 
0.596 
0.596167 
0.596333 
0.5965 
0.596667 
0.596833 
0.597 
0.597167 
0.597333 
0.5975 
0.597667 
0.597833 
0.598 
0.598167 
0.598333 
0.5985 
0.598667 
0.598833 
0.599 
0.599167 
0.599333 
0.5995 
0.599667 
0.599833 
0.6 
0.600167 
0.600333 
0.6005 
0.600667 
0.600833 
0.601 
0.601167 
0.601333 
0.6015 
0.601667 
0.601833 
0.602 
0.602167 
0.602333 
0.6025 
0.602667 
0.602833 
0.603 
0.603167 
0.603333 
0.6035 
0.603667 
0.603833 
0.604 
0.604167 
0.604333 
0.6045 
0.604667 
0.604833 
0.605 
0.605167 
0.605333 
0.6055 
0.605667 
0.605833 
0.606 
0.606167 
0.606333 
0.6065 
0.606667 
0.606833 
0.607 
0.607167 
0.607333 
0.6075 
0.607667 
0.607833 
0.608 
0.608167 
0.608333 
0.6085 
0.608667 
0.608833 
0.609 
0.609167 
0.609333 
0.6095 
0.609667 
0.609833 
0.61 
0.610167 
0.610333 
0.6105 
0.610667 
0.610833 
0.611 
0.611167 
0.611333 
0.6115 
0.611667 
0.611833 
0.612 
0.612167 
0.612333 
0.6125 
0.612667 
0.612833 
0.613 
0.613167 
0.613333 
0.6135 
0.613667 
0.613833 
0.614 
0.614167 
0.614333 
0.6145 
0.614667 
0.614833 
0.615 
0.615167 
0.615333 
0.6155 
0.615667 
0.615833 
0.616 
0.616167 
0.616333 
0.6165 
0.616667 
0.616833 
0.617 
0.617167 
0.617333 
0.6175 
0.617667 
0.617833 
0.618 
0.618167 
0.618333 
0.6185 
0.618667 
0.618833 
0.619 
0.619167 
0.619333 
0.6195 
0.619667 
0.619833 
0.62 
0.620167 
0.620333 
0.6205 
0.620667 
0.620833 
0.621 
0.621167 
0.621333 
0.6215 
0.621667 
0.621833 
0.622 
0.622167 
0.622333 
0.6225 
0.622667 
0.622833 
0.623 
0.623167 
0.623333 
0.6235 
0.623667 
0.623833 
0.624 
0.624167 
0.624333 
0.6245 
0.624667 
0.624833 
0.625 
0.625167 
0.625333 
0.6255 
0.625667 
0.625833 
0.626 
0.626167 
0.626333 
0.6265 
0.626667 
0.626833 
0.627 
0.627167 
0.627333 
0.6275 
0.627667 
0.627833 
0.628 
0.628167 
0.628333 
0.6285 
0.628667 
0.628833 
0.629 
0.629167 
0.629333 
0.6295 
0.629667 
0.629833 
0.63 
0.630167 
0.630333 
0.6305 
0.630667 
0.630833 
0.631 
0.631167 
0.631333 
0.6315 
0.631667 
0.631833 
0.632 
0.632167 
0.632333 
0.6325 
0.632667 
0.632833 
0.633 
0.633167 
0.633333 
0.6335 
0.633667 
0.633833 
0.634 
0.634167 
0.634333 
0.6345 
0.634667 
0.634833 
0.635 
0.635167 
0.635333 
0.6355 
0.635667 
0.635833 
0.636 
0.636167 
0.636333 
0.6365 
0.636667 
0.636833 
0.637 
0.637167 
0.637333 
0.6375 
0.637667 
0.637833 
0.638 
0.638167 
0.638333 
0.6385 
0.638667 
0.638833 
0.639 
0.639167 
0.639333 
0.6395 
0.639667 
0.639833 
0.64 
0.640167 
0.640333 
0.6405 
0.640667 
0.640833 
0.641 
0.641167 
0.641333 
0.6415 
0.641667 
0.641833 
0.642 
0.642167 
0.642333 
0.6425 
0.642667 
0.642833 
0.643 
0.643167 
0.643333 
0.6435 
0.643667 
0.643833 
0.644 
0.644167 
0.644333 
0.6445 
0.644667 
0.644833 
0.645 
0.645167 
0.645333 
0.6455 
0.645667 
0.645833 
0.646 
0.646167 
0.646333 
0.6465 
0.646667 
0.646833 
0.647 
0.647167 
0.647333 
0.6475 
0.647667 
0.647833 
0.648 
0.648167 
0.648333 
0.6485 
0.648667 
0.648833 
0.649 
0.649167 
0.649333 
0.6495 
0.649667 
0.649833 
0.65 
0.650167 
0.650333 
0.6505 
0.650667 
0.650833 
0.651 
0.651167 
0.651333 
0.6515 
0.651667 
0.651833 
0.652 
0.652167 
0.652333 
0.6525 
0.652667 
0.652833 
0.653 
0.653167 
0.653333 
0.6535 
0.653667 
0.653833 
0.654 
0.654167 
0.654333 
0.6545 
0.654667 
0.654833 
0.655 
0.655167 
0.655333 
0.6555 
0.655667 
0.655833 
0.656 
0.656167 
0.656333 
0.6565 
0.656667 
0.656833 
0.657 
0.657167 
0.657333 
0.6575 
0.657667 
0.657833 
0.658 
0.658167 
0.658333 
0.6585 
0.658667 
0.658833 
0.659 
0.659167 
0.659333 
0.6595 
0.659667 
0.659833 
0.66 
0.660167 
0.660333 
0.6605 
0.660667 
0.660833 
0.661 
0.661167 
0.661333 
0.6615 
0.661667 
0.661833 
0.662 
0.662167 
0.662333 
0.6625 
0.662667 
0.662833 
0.663 
0.663167 
0.663333 
0.6635 
0.663667 
0.663833 
0.664 
0.664167 
0.664333 
0.6645 
0.664667 
0.664833 
0.665 
0.665167 
0.665333 
0.6655 
0.665667 
0.665833 
0.666 
0.666167 
0.666333 
0.6665 
0.666667 
0.666833 
0.667 
0.667167 
0.667333 
0.6675 
0.667667 
0.667833 
0.668 
0.668167 
0.668333 
0.6685 
0.668667 
0.668833 
0.669 
0.669167 
0.669333 
0.6695 
0.669667 
0.669833 
0.67 
0.670167 
0.670333 
0.6705 
0.670667 
0.670833 
0.671 
0.671167 
0.671333 
0.6715 
0.671667 
0.671833 
0.672 
0.672167 
0.672333 
0.6725 
0.672667 
0.672833 
0.673 
0.673167 
0.673333 
0.6735 
0.673667 
0.673833 
0.674 
0.674167 
0.674333 
0.6745 
0.674667 
0.674833 
0.675 
0.675167 
0.675333 
0.6755 
0.675667 
0.675833 
0.676 
0.676167 
0.676333 
0.6765 
0.676667 
0.676833 
0.677 
0.677167 
0.677333 
0.6775 
0.677667 
0.677833 
0.678 
0.678167 
0.678333 
0.6785 
0.678667 
0.678833 
0.679 
0.679167 
0.679333 
0.6795 
0.679667 
0.679833 
0.68 
0.680167 
0.680333 
0.6805 
0.680667 
0.680833 
0.681 
0.681167 
0.681333 
0.6815 
0.681667 
0.681833 
0.682 
0.682167 
0.682333 
0.6825 
0.682667 
0.682833 
0.683 
0.683167 
0.683333 
0.6835 
0.683667 
0.683833 
0.684 
0.684167 
0.684333 
0.6845 
0.684667 
0.684833 
0.685 
0.685167 
0.685333 
0.6855 
0.685667 
0.685833 
0.686 
0.686167 
0.686333 
0.6865 
0.686667 
0.686833 
0.687 
0.687167 
0.687333 
0.6875 
0.687667 
0.687833 
0.688 
0.688167 
0.688333 
0.6885 
0.688667 
0.688833 
0.689 
0.689167 
0.689333 
0.6895 
0.689667 
0.689833 
0.69 
0.690167 
0.690333 
0.6905 
0.690667 
0.690833 
0.691 
0.691167 
0.691333 
0.6915 
0.691667 
0.691833 
0.692 
0.692167 
0.692333 
0.6925 
0.692667 
0.692833 
0.693 
0.693167 
0.693333 
0.6935 
0.693667 
0.693833 
0.694 
0.694167 
0.694333 
0.6945 
0.694667 
0.694833 
0.695 
0.695167 
0.695333 
0.6955 
0.695667 
0.695833 
0.696 
0.696167 
0.696333 
0.6965 
0.696667 
0.696833 
0.697 
0.697167 
0.697333 
0.6975 
0.697667 
0.697833 
0.698 
0.698167 
0.698333 
0.6985 
0.698667 
0.698833 
0.699 
0.699167 
0.699333 
0.6995 
0.699667 
0.699833 
0.7 
0.700167 
0.700333 
0.7005 
0.700667 
0.700833 
0.701 
0.701167 
0.701333 
0.7015 
0.701667 
0.701833 
0.702 
0.702167 
0.702333 
0.7025 
0.702667 
0.702833 
0.703 
0.703167 
0.703333 
0.7035 
0.703667 
0.703833 
0.704 
0.704167 
0.704333 
0.7045 
0.704667 
0.704833 
0.705 
0.705167 
0.705333 
0.7055 
0.705667 
0.705833 
0.706 
0.706167 
0.706333 
0.7065 
0.706667 
0.706833 
0.707 
0.707167 
0.707333 
0.7075 
0.707667 
0.707833 
0.708 
0.708167 
0.708333 
0.7085 
0.708667 
0.708833 
0.709 
0.709167 
0.709333 
0.7095 
0.709667 
0.709833 
0.71 
0.710167 
0.710333 
0.7105 
0.710667 
0.710833 
0.711 
0.711167 
0.711333 
0.7115 
0.711667 
0.711833 
0.712 
0.712167 
0.712333 
0.7125 
0.712667 
0.712833 
0.713 
0.713167 
0.713333 
0.7135 
0.713667 
0.713833 
0.714 
0.714167 
0.714333 
0.7145 
0.714667 
0.714833 
0.715 
0.715167 
0.715333 
0.7155 
0.715667 
0.715833 
0.716 
0.716167 
0.716333 
0.7165 
0.716667 
0.716833 
0.717 
0.717167 
0.717333 
0.7175 
0.717667 
0.717833 
0.718 
0.718167 
0.718333 
0.7185 
0.718667 
0.718833 
0.719 
0.719167 
0.719333 
0.7195 
0.719667 
0.719833 
0.72 
0.720167 
0.720333 
0.7205 
0.720667 
0.720833 
0.721 
0.721167 
0.721333 
0.7215 
0.721667 
0.721833 
0.722 
0.722167 
0.722333 
0.7225 
0.722667 
0.722833 
0.723 
0.723167 
0.723333 
0.7235 
0.723667 
0.723833 
0.724 
0.724167 
0.724333 
0.7245 
0.724667 
0.724833 
0.725 
0.725167 
0.725333 
0.7255 
0.725667 
0.725833 
0.726 
0.726167 
0.726333 
0.7265 
0.726667 
0.726833 
0.727 
0.727167 
0.727333 
0.7275 
0.727667 
0.727833 
0.728 
0.728167 
0.728333 
0.7285 
0.728667 
0.728833 
0.729 
0.729167 
0.729333 
0.7295 
0.729667 
0.729833 
0.73 
0.730167 
0.730333 
0.7305 
0.730667 
0.730833 
0.731 
0.731167 
0.731333 
0.7315 
0.731667 
0.731833 
0.732 
0.732167 
0.732333 
0.7325 
0.732667 
0.732833 
0.733 
0.733167 
0.733333 
0.7335 
0.733667 
0.733833 
0.734 
0.734167 
0.734333 
0.7345 
0.734667 
0.734833 
0.735 
0.735167 
0.735333 
0.7355 
0.735667 
0.735833 
0.736 
0.736167 
0.736333 
0.7365 
0.736667 
0.736833 
0.737 
0.737167 
0.737333 
0.7375 
0.737667 
0.737833 
0.738 
0.738167 
0.738333 
0.7385 
0.738667 
0.738833 
0.739 
0.739167 
0.739333 
0.7395 
0.739667 
0.739833 
0.74 
0.740167 
0.740333 
0.7405 
0.740667 
0.740833 
0.741 
0.741167 
0.741333 
0.7415 
0.741667 
0.741833 
0.742 
0.742167 
0.742333 
0.7425 
0.742667 
0.742833 
0.743 
0.743167 
0.743333 
0.7435 
0.743667 
0.743833 
0.744 
0.744167 
0.744333 
0.7445 
0.744667 
0.744833 
0.745 
0.745167 
0.745333 
0.7455 
0.745667 
0.745833 
0.746 
0.746167 
0.746333 
0.7465 
0.746667 
0.746833 
0.747 
0.747167 
0.747333 
0.7475 
0.747667 
0.747833 
0.748 
0.748167 
0.748333 
0.7485 
0.748667 
0.748833 
0.749 
0.749167 
0.749333 
0.7495 
0.749667 
0.749833 
0.75 
0.750167 
0.750333 
0.7505 
0.750667 
0.750833 
0.751 
0.751167 
0.751333 
0.7515 
0.751667 
0.751833 
0.752 
0.752167 
0.752333 
0.7525 
0.752667 
0.752833 
0.753 
0.753167 
0.753333 
0.7535 
0.753667 
0.753833 
0.754 
0.754167 
0.754333 
0.7545 
0.754667 
0.754833 
0.755 
0.755167 
0.755333 
0.7555 
0.755667 
0.755833 
0.756 
0.756167 
0.756333 
0.7565 
0.756667 
0.756833 
0.757 
0.757167 
0.757333 
0.7575 
0.757667 
0.757833 
0.758 
0.758167 
0.758333 
0.7585 
0.758667 
0.758833 
0.759 
0.759167 
0.759333 
0.7595 
0.759667 
0.759833 
0.76 
0.760167 
0.760333 
0.7605 
0.760667 
0.760833 
0.761 
0.761167 
0.761333 
0.7615 
0.761667 
0.761833 
0.762 
0.762167 
0.762333 
0.7625 
0.762667 
0.762833 
0.763 
0.763167 
0.763333 
0.7635 
0.763667 
0.763833 
0.764 
0.764167 
0.764333 
0.7645 
0.764667 
0.764833 
0.765 
0.765167 
0.765333 
0.7655 
0.765667 
0.765833 
0.766 
0.766167 
0.766333 
0.7665 
0.766667 
0.766833 
0.767 
0.767167 
0.767333 
0.7675 
0.767667 
0.767833 
0.768 
0.768167 
0.768333 
0.7685 
0.768667 
0.768833 
0.769 
0.769167 
0.769333 
0.7695 
0.769667 
0.769833 
0.77 
0.770167 
0.770333 
0.7705 
0.770667 
0.770833 
0.771 
0.771167 
0.771333 
0.7715 
0.771667 
0.771833 
0.772 
0.772167 
0.772333 
0.7725 
0.772667 
0.772833 
0.773 
0.773167 
0.773333 
0.7735 
0.773667 
0.773833 
0.774 
0.774167 
0.774333 
0.7745 
0.774667 
0.774833 
0.775 
0.775167 
0.775333 
0.7755 
0.775667 
0.775833 
0.776 
0.776167 
0.776333 
0.7765 
0.776667 
0.776833 
0.777 
0.777167 
0.777333 
0.7775 
0.777667 
0.777833 
0.778 
0.778167 
0.778333 
0.7785 
0.778667 
0.778833 
0.779 
0.779167 
0.779333 
0.7795 
0.779667 
0.779833 
0.78 
0.780167 
0.780333 
0.7805 
0.780667 
0.780833 
0.781 
0.781167 
0.781333 
0.7815 
0.781667 
0.781833 
0.782 
0.782167 
0.782333 
0.7825 
0.782667 
0.782833 
0.783 
0.783167 
0.783333 
0.7835 
0.783667 
0.783833 
0.784 
0.784167 
0.784333 
0.7845 
0.784667 
0.784833 
0.785 
0.785167 
0.785333 
0.7855 
0.785667 
0.785833 
0.786 
0.786167 
0.786333 
0.7865 
0.786667 
0.786833 
0.787 
0.787167 
0.787333 
0.7875 
0.787667 
0.787833 
0.788 
0.788167 
0.788333 
0.7885 
0.788667 
0.788833 
0.789 
0.789167 
0.789333 
0.7895 
0.789667 
0.789833 
0.79 
0.790167 
0.790333 
0.7905 
0.790667 
0.790833 
0.791 
0.791167 
0.791333 
0.7915 
0.791667 
0.791833 
0.792 
0.792167 
0.792333 
0.7925 
0.792667 
0.792833 
0.793 
0.793167 
0.793333 
0.7935 
0.793667 
0.793833 
0.794 
0.794167 
0.794333 
0.7945 
0.794667 
0.794833 
0.795 
0.795167 
0.795333 
0.7955 
0.795667 
0.795833 
0.796 
0.796167 
0.796333 
0.7965 
0.796667 
0.796833 
0.797 
0.797167 
0.797333 
0.7975 
0.797667 
0.797833 
0.798 
0.798167 
0.798333 
0.7985 
0.798667 
0.798833 
0.799 
0.799167 
0.799333 
0.7995 
0.799667 
0.799833 
0.8 
0.800167 
0.800333 
0.8005 
0.800667 
0.800833 
0.801 
0.801167 
0.801333 
0.8015 
0.801667 
0.801833 
0.802 
0.802167 
0.802333 
0.8025 
0.802667 
0.802833 
0.803 
0.803167 
0.803333 
0.8035 
0.803667 
0.803833 
0.804 
0.804167 
0.804333 
0.8045 
0.804667 
0.804833 
0.805 
0.805167 
0.805333 
0.8055 
0.805667 
0.805833 
0.806 
0.806167 
0.806333 
0.8065 
0.806667 
0.806833 
0.807 
0.807167 
0.807333 
0.8075 
0.807667 
0.807833 
0.808 
0.808167 
0.808333 
0.8085 
0.808667 
0.808833 
0.809 
0.809167 
0.809333 
0.8095 
0.809667 
0.809833 
0.81 
0.810167 
0.810333 
0.8105 
0.810667 
0.810833 
0.811 
0.811167 
0.811333 
0.8115 
0.811667 
0.811833 
0.812 
0.812167 
0.812333 
0.8125 
0.812667 
0.812833 
0.813 
0.813167 
0.813333 
0.8135 
0.813667 
0.813833 
0.814 
0.814167 
0.814333 
0.8145 
0.814667 
0.814833 
0.815 
0.815167 
0.815333 
0.8155 
0.815667 
0.815833 
0.816 
0.816167 
0.816333 
0.8165 
0.816667 
0.816833 
0.817 
0.817167 
0.817333 
0.8175 
0.817667 
0.817833 
0.818 
0.818167 
0.818333 
0.8185 
0.818667 
0.818833 
0.819 
0.819167 
0.819333 
0.8195 
0.819667 
0.819833 
0.82 
0.820167 
0.820333 
0.8205 
0.820667 
0.820833 
0.821 
0.821167 
0.821333 
0.8215 
0.821667 
0.821833 
0.822 
0.822167 
0.822333 
0.8225 
0.822667 
0.822833 
0.823 
0.823167 
0.823333 
0.8235 
0.823667 
0.823833 
0.824 
0.824167 
0.824333 
0.8245 
0.824667 
0.824833 
0.825 
0.825167 
0.825333 
0.8255 
0.825667 
0.825833 
0.826 
0.826167 
0.826333 
0.8265 
0.826667 
0.826833 
0.827 
0.827167 
0.827333 
0.8275 
0.827667 
0.827833 
0.828 
0.828167 
0.828333 
0.8285 
0.828667 
0.828833 
0.829 
0.829167 
0.829333 
0.8295 
0.829667 
0.829833 
0.83 
0.830167 
0.830333 
0.8305 
0.830667 
0.830833 
0.831 
0.831167 
0.831333 
0.8315 
0.831667 
0.831833 
0.832 
0.832167 
0.832333 
0.8325 
0.832667 
0.832833 
0.833 
0.833167 
0.833333 
0.8335 
0.833667 
0.833833 
0.834 
0.834167 
0.834333 
0.8345 
0.834667 
0.834833 
0.835 
0.835167 
0.835333 
0.8355 
0.835667 
0.835833 
0.836 
0.836167 
0.836333 
0.8365 
0.836667 
0.836833 
0.837 
0.837167 
0.837333 
0.8375 
0.837667 
0.837833 
0.838 
0.838167 
0.838333 
0.8385 
0.838667 
0.838833 
0.839 
0.839167 
0.839333 
0.8395 
0.839667 
0.839833 
0.84 
0.840167 
0.840333 
0.8405 
0.840667 
0.840833 
0.841 
0.841167 
0.841333 
0.8415 
0.841667 
0.841833 
0.842 
0.842167 
0.842333 
0.8425 
0.842667 
0.842833 
0.843 
0.843167 
0.843333 
0.8435 
0.843667 
0.843833 
0.844 
0.844167 
0.844333 
0.8445 
0.844667 
0.844833 
0.845 
0.845167 
0.845333 
0.8455 
0.845667 
0.845833 
0.846 
0.846167 
0.846333 
0.8465 
0.846667 
0.846833 
0.847 
0.847167 
0.847333 
0.8475 
0.847667 
0.847833 
0.848 
0.848167 
0.848333 
0.8485 
0.848667 
0.848833 
0.849 
0.849167 
0.849333 
0.8495 
0.849667 
0.849833 
0.85 
0.850167 
0.850333 
0.8505 
0.850667 
0.850833 
0.851 
0.851167 
0.851333 
0.8515 
0.851667 
0.851833 
0.852 
0.852167 
0.852333 
0.8525 
0.852667 
0.852833 
0.853 
0.853167 
0.853333 
0.8535 
0.853667 
0.853833 
0.854 
0.854167 
0.854333 
0.8545 
0.854667 
0.854833 
0.855 
0.855167 
0.855333 
0.8555 
0.855667 
0.855833 
0.856 
0.856167 
0.856333 
0.8565 
0.856667 
0.856833 
0.857 
0.857167 
0.857333 
0.8575 
0.857667 
0.857833 
0.858 
0.858167 
0.858333 
0.8585 
0.858667 
0.858833 
0.859 
0.859167 
0.859333 
0.8595 
0.859667 
0.859833 
0.86 
0.860167 
0.860333 
0.8605 
0.860667 
0.860833 
0.861 
0.861167 
0.861333 
0.8615 
0.861667 
0.861833 
0.862 
0.862167 
0.862333 
0.8625 
0.862667 
0.862833 
0.863 
0.863167 
0.863333 
0.8635 
0.863667 
0.863833 
0.864 
0.864167 
0.864333 
0.8645 
0.864667 
0.864833 
0.865 
0.865167 
0.865333 
0.8655 
0.865667 
0.865833 
0.866 
0.866167 
0.866333 
0.8665 
0.866667 
0.866833 
0.867 
0.867167 
0.867333 
0.8675 
0.867667 
0.867833 
0.868 
0.868167 
0.868333 
0.8685 
0.868667 
0.868833 
0.869 
0.869167 
0.869333 
0.8695 
0.869667 
0.869833 
0.87 
0.870167 
0.870333 
0.8705 
0.870667 
0.870833 
0.871 
0.871167 
0.871333 
0.8715 
0.871667 
0.871833 
0.872 
0.872167 
0.872333 
0.8725 
0.872667 
0.872833 
0.873 
0.873167 
0.873333 
0.8735 
0.873667 
0.873833 
0.874 
0.874167 
0.874333 
0.8745 
0.874667 
0.874833 
0.875 
0.875167 
0.875333 
0.8755 
0.875667 
0.875833 
0.876 
0.876167 
0.876333 
0.8765 
0.876667 
0.876833 
0.877 
0.877167 
0.877333 
0.8775 
0.877667 
0.877833 
0.878 
0.878167 
0.878333 
0.8785 
0.878667 
0.878833 
0.879 
0.879167 
0.879333 
0.8795 
0.879667 
0.879833 
0.88 
0.880167 
0.880333 
0.8805 
0.880667 
0.880833 
0.881 
0.881167 
0.881333 
0.8815 
0.881667 
0.881833 
0.882 
0.882167 
0.882333 
0.8825 
0.882667 
0.882833 
0.883 
0.883167 
0.883333 
0.8835 
0.883667 
0.883833 
0.884 
0.884167 
0.884333 
0.8845 
0.884667 
0.884833 
0.885 
0.885167 
0.885333 
0.8855 
0.885667 
0.885833 
0.886 
0.886167 
0.886333 
0.8865 
0.886667 
0.886833 
0.887 
0.887167 
0.887333 
0.8875 
0.887667 
0.887833 
0.888 
0.888167 
0.888333 
0.8885 
0.888667 
0.888833 
0.889 
0.889167 
0.889333 
0.8895 
0.889667 
0.889833 
0.89 
0.890167 
0.890333 
0.8905 
0.890667 
0.890833 
0.891 
0.891167 
0.891333 
0.8915 
0.891667 
0.891833 
0.892 
0.892167 
0.892333 
0.8925 
0.892667 
0.892833 
0.893 
0.893167 
0.893333 
0.8935 
0.893667 
0.893833 
0.894 
0.894167 
0.894333 
0.8945 
0.894667 
0.894833 
0.895 
0.895167 
0.895333 
0.8955 
0.895667 
0.895833 
0.896 
0.896167 
0.896333 
0.8965 
0.896667 
0.896833 
0.897 
0.897167 
0.897333 
0.8975 
0.897667 
0.897833 
0.898 
0.898167 
0.898333 
0.8985 
0.898667 
0.898833 
0.899 
0.899167 
0.899333 
0.8995 
0.899667 
0.899833 
0.9 
0 0.913207
0.015625 0.914447

0.015625 0.915135
0.03125 0.917479

0.03125 0.917478
0.046875 0.91955

0.046875 0.91955
0.0625 0.921352

0.0625 0.921355
0.0678022 0.921875

0.0678558 0.921875
0.078125 0.922883

0.078125 0.922884
0.09375 0.924151

0.09375 0.92415
0.109375 0.925151

0.109375 0.925151
0.125 0.925886

0.125 0.925886
0.140625 0.926357

0.140625 0.926357
0.15625 0.926563

0.15625 0.926563
0.171875 0.926506

0.171875 0.926506
0.1875 0.926185

0.1875 0.926185
0.203125 0.9256

0.203125 0.9256
0.21875 0.92475

0.21875 0.92475
0.234375 0.923635

0.234375 0.923635
0.25 0.922253

0.265625 0.920605
0.253591 0.921875

0.25 0.922251
0.25356 0.921875

0.265625 0.920604
0.28125 0.918686

0.28125 0.918686
0.296875 0.916497

0.296875 0.916497
0.3125 0.914035

0.3125 0.914036
0.328125 0.911299

0.328125 0.9113
0.34375 0.908285

0.359375 0.905007
0.353479 0.90625

0.359375 0.904992
0.375 0.901415

0.34375 0.908277
0.353363 0.90625

0.46875 0.873823
0.46532 0.875

0.46875 0.873795
0.484375 0.86812

0.484375 0.868122
0.5 0.862126

0.375 0.901416
0.390625 0.897551

0.390625 0.897552
0.40625 0.893398

0.421875 0.888974
0.416078 0.890625

0.40625 0.893384
0.41594 0.890625

0.421875 0.888951
0.4375 0.884203

0.4375 0.884204
0.453125 0.879153

0.453125 0.879146
0.46521 0.875

1 0.391333
0.992898 0.40625

0.984375 0.423259
0.976924 0.4375

0.992902 0.40625
0.9851 0.421875

0.984375 0.423342
0.985142 0.421875

0.96875 0.452444
0.968378 0.453125

0.968375 0.453125
0.959418 0.46875

0.953125 0.479243
0.950049 0.484375

0.950059 0.484375
0.940267 0.5

0.953125 0.479259
0.959425 0.46875

0.96875 0.452434
0.976931 0.4375

0.71875 0.739411
0.704433 0.75

0.75 0.714707
0.744991 0.71875

0.734375 0.727313
0.725222 0.734375

0.71875 0.739399
0.72543 0.734375

0.734375 0.727344
0.745053 0.71875

0.515625 0.855818
0.506835 0.859375

0.5 0.862109
0.506756 0.859375

0.515625 0.855806
0.53125 0.849147

0.546875 0.84216
0.543328 0.84375

0.546875 0.84215
0.5625 0.834796

0.53125 0.849145
0.54329 0.84375

0.609375 0.810529
0.605739 0.8125

0.609375 0.81054
0.625 0.801679

0.578125 0.827094
0.576036 0.828125

0.5625 0.834797
0.576015 0.828125

0.578125 0.827087
0.59375 0.819002

0.59375 0.819007
0.605758 0.8125

0.640625 0.792385
0.633056 0.796875

0.625 0.801708
0.633146 0.796875

0.640625 0.792416
0.65625 0.782724

0.671875 0.772598
0.658529 0.78125

0.6875 0.761989
0.682106 0.765625

0.671875 0.772623
0.682205 0.765625

0.65625 0.78271
0.658575 0.78125

0.6875 0.762023
0.703125 0.750963

0.703125 0.750969
0.704471 0.75

0.875 0.589556
0.871564 0.59375

0.859375 0.608072
0.858246 0.609375

0.858262 0.609375
0.844312 0.625

0.859375 0.60806
0.871586 0.59375

0.796875 0.673294
0.781518 0.6875

0.8125 0.658156
0.798343 0.671875

0.796875 0.673364
0.798445 0.671875

0.765625 0.701542
0.763776 0.703125

0.75 0.714733
0.763742 0.703125

0.765625 0.701546
0.78125 0.687739

0.78125 0.687777
0.781557 0.6875

0.828125 0.642252
0.814419 0.65625

0.84375 0.625611
0.829715 0.640625

0.828125 0.642343
0.829772 0.640625

0.8125 0.658222
0.814483 0.65625

0.84375 0.625659
0.844352 0.625

0.90625 0.549462
0.896509 0.5625

0.921875 0.527516
0.919366 0.53125

0.9375 0.50421
0.930024 0.515625

0.921875 0.527561
0.930044 0.515625

0.919354 0.53125
0.908182 0.546875

0.90625 0.549536
0.908186 0.546875

0.890625 0.570012
0.884334 0.578125

0.875 0.589571
0.884323 0.578125

0.890625 0.570137
0.896475 0.5625

0.9375 0.504317
0.940286 0.5

1.08664 0
1.0865 0.015625

1.0865 0.015625
1.08611 0.03125

1.08611 0.03125
1.08545 0.046875

1.08545 0.046875
1.08453 0.0625

1.08453 0.0625
1.08334 0.078125

1.08334 0.078125
1.08188 0.09375

1.08188 0.09375
1.08016 0.109375

1.08016 0.109375
1.07817 0.125

1.0625 0.210032
1.06046 0.21875

1.06046 0.21875
1.05653 0.234375

1.05653 0.234375
1.0523 0.25

1.07812 0.125326
1.07591 0.140625

1.07591 0.140625
1.07338 0.15625

1.07812 0.125324
1.07817 0.125

1.07338 0.15625
1.07057 0.171875

1.07057 0.171875
1.06748 0.1875

1.06748 0.1875
1.06411 0.203125

1.0625 0.210034
1.06411 0.203125

1.04688 0.268535
1.04295 0.28125

1.0523 0.25
1.04777 0.265625

1.04688 0.268569
1.04778 0.265625

1.04295 0.28125
1.03782 0.296875

1.03783 0.296875
1.03239 0.3125

1.03125 0.315586
1.02663 0.328125

1.02664 0.328125
1.02056 0.34375

1.01562 0.355801
1.01416 0.359375

1.01416 0.359375
1.00742 0.375

1.01562 0.355797
1.02056 0.34375

1.03125 0.315629
1.0324 0.3125

1.00742 0.375
1.00034 0.390625

1 0.391398
1.00037 0.390625

i = 5410 t = 0.9

# Quadtree, 5410 steps, 170.245 CPU, 154.9 real, 9.47e+04 points.step/s, 30 var
